# k_step gamma S_color
1000 2.612899e-04 3.079274e-01
100 3.353220e-03 2.180957e-01
65 5.704830e-03 1.955270e-01
50 7.011279e-03 1.643478e-01
40 9.188695e-03 1.415171e-01
30 1.289030e-02 1.057652e-01
26 1.515481e-02 8.498058e-02
23 1.815965e-02 3.040492e-02
20 2.085964e-02 8.399989e-14
18 2.325480e-02 1.346697e-15
17 2.473544e-02 -3.308604e-15
16 2.652092e-02 2.546362e-15
15 2.839350e-02 1.620392e-15
1000 2.612899e-04 2.772434e-01
100 3.353220e-03 2.120786e-01
65 5.704830e-03 1.865605e-01
50 7.011279e-03 1.867908e-01
40 9.188695e-03 1.560282e-01
30 1.289030e-02 1.116667e-01
26 1.515481e-02 7.678185e-02
23 1.815965e-02 3.260447e-02
20 2.085964e-02 9.142642e-14
18 2.325480e-02 1.299602e-15
17 2.473544e-02 -2.883004e-15
16 2.652092e-02 2.409200e-15
15 2.839350e-02 1.498577e-15
1000 2.612899e-04 2.700175e-01
100 3.353220e-03 2.138280e-01
65 5.704830e-03 1.967934e-01
50 7.011279e-03 1.800057e-01
40 9.188695e-03 1.530777e-01
30 1.289030e-02 1.058146e-01
26 1.515481e-02 8.423563e-02
23 1.815965e-02 3.226698e-02
20 2.085964e-02 8.798266e-14
18 2.325480e-02 1.274444e-15
17 2.473544e-02 -3.006848e-15
16 2.652092e-02 2.238468e-15
15 2.839350e-02 1.600663e-15
1000 2.612899e-04 2.736815e-01
100 3.353220e-03 2.288681e-01
65 5.704830e-03 1.876516e-01
50 7.011279e-03 1.718669e-01
40 9.188695e-03 1.451475e-01
30 1.289030e-02 1.119587e-01
26 1.515481e-02 8.582927e-02
23 1.815965e-02 3.282463e-02
20 2.085964e-02 9.166677e-14
18 2.325480e-02 1.258181e-15
17 2.473544e-02 -3.178971e-15
16 2.652092e-02 2.211373e-15
15 2.839350e-02 1.587786e-15
1000 2.612899e-04 2.914422e-01
100 3.353220e-03 2.204926e-01
65 5.704830e-03 1.936129e-01
50 7.011279e-03 1.676923e-01
40 9.188695e-03 1.499377e-01
30 1.289030e-02 1.176690e-01
26 1.515481e-02 7.783381e-02
23 1.815965e-02 3.179763e-02
20 2.085964e-02 9.125817e-14
18 2.325480e-02 1.301829e-15
17 2.473544e-02 -3.089643e-15
16 2.652092e-02 2.339565e-15
15 2.839350e-02 1.641038e-15
1000 2.612899e-04 2.786335e-01
100 3.353220e-03 2.062883e-01
65 5.704830e-03 1.721401e-01
50 7.011279e-03 1.791717e-01
40 9.188695e-03 1.617272e-01
30 1.289030e-02 1.086546e-01
26 1.515481e-02 7.932087e-02
23 1.815965e-02 3.139581e-02
20 2.085964e-02 8.949795e-14
18 2.325480e-02 1.262312e-15
17 2.473544e-02 -3.169207e-15
16 2.652092e-02 2.265314e-15
15 2.839350e-02 1.605849e-15
1000 2.612899e-04 2.656867e-01
100 3.353220e-03 2.014137e-01
65 5.704830e-03 1.729017e-01
50 7.011279e-03 1.718761e-01
40 9.188695e-03 1.489531e-01
30 1.289030e-02 1.099348e-01
26 1.515481e-02 8.253923e-02
23 1.815965e-02 2.792706e-02
20 2.085964e-02 8.891763e-14
18 2.325480e-02 1.347533e-15
17 2.473544e-02 -3.009208e-15
16 2.652092e-02 2.283401e-15
15 2.839350e-02 1.640704e-15
1000 2.612899e-04 2.766527e-01
100 3.353220e-03 2.205789e-01
65 5.704830e-03 1.855974e-01
50 7.011279e-03 1.594598e-01
40 9.188695e-03 1.613895e-01
30 1.289030e-02 1.161044e-01
26 1.515481e-02 8.505527e-02
23 1.815965e-02 3.320829e-02
20 2.085964e-02 9.201348e-14
18 2.325480e-02 1.194727e-15
17 2.473544e-02 -3.271986e-15
16 2.652092e-02 2.379090e-15
15 2.839350e-02 1.605025e-15
1000 2.612899e-04 2.540437e-01
100 3.353220e-03 2.365722e-01
65 5.704830e-03 1.856123e-01
50 7.011279e-03 1.767845e-01
40 9.188695e-03 1.472838e-01
30 1.289030e-02 1.106475e-01
26 1.515481e-02 7.574183e-02
23 1.815965e-02 3.339694e-02
20 2.085964e-02 8.763124e-14
18 2.325480e-02 1.409914e-15
17 2.473544e-02 -2.930807e-15
16 2.652092e-02 2.360992e-15
15 2.839350e-02 1.606169e-15
1000 2.612899e-04 2.532128e-01
100 3.353220e-03 2.414802e-01
65 5.704830e-03 1.965957e-01
50 7.011279e-03 1.610608e-01
40 9.188695e-03 1.678513e-01
30 1.289030e-02 1.141677e-01
26 1.515481e-02 8.415641e-02
23 1.815965e-02 2.938435e-02
20 2.085964e-02 8.877764e-14
18 2.325480e-02 1.336781e-15
17 2.473544e-02 -3.059964e-15
16 2.652092e-02 2.315439e-15
15 2.839350e-02 1.622962e-15
1000 2.612899e-04 2.723078e-01
100 3.353220e-03 2.278887e-01
65 5.704830e-03 1.944171e-01
50 7.011279e-03 1.820568e-01
40 9.188695e-03 1.581479e-01
30 1.289030e-02 1.161541e-01
26 1.515481e-02 7.697061e-02
23 1.815965e-02 2.887666e-02
20 2.085964e-02 9.461155e-14
18 2.325480e-02 1.250122e-15
17 2.473544e-02 -3.015108e-15
16 2.652092e-02 2.334616e-15
15 2.839350e-02 1.565886e-15
1000 2.612899e-04 3.042089e-01
100 3.353220e-03 2.131527e-01
65 5.704830e-03 1.962752e-01
50 7.011279e-03 1.806631e-01
40 9.188695e-03 1.564652e-01
30 1.289030e-02 1.082579e-01
26 1.515481e-02 8.042480e-02
23 1.815965e-02 3.483218e-02
20 2.085964e-02 9.263181e-14
18 2.325480e-02 1.287225e-15
17 2.473544e-02 -3.006498e-15
16 2.652092e-02 2.198542e-15
15 2.839350e-02 1.676603e-15
1000 2.612899e-04 2.615993e-01
100 3.353220e-03 2.253004e-01
65 5.704830e-03 1.861204e-01
50 7.011279e-03 1.819072e-01
40 9.188695e-03 1.555811e-01
30 1.289030e-02 1.163542e-01
26 1.515481e-02 8.555534e-02
23 1.815965e-02 3.148176e-02
20 2.085964e-02 8.802085e-14
18 2.325480e-02 1.286960e-15
17 2.473544e-02 -3.061496e-15
16 2.652092e-02 2.336708e-15
15 2.839350e-02 1.566824e-15
1000 2.612899e-04 2.993797e-01
100 3.353220e-03 2.351908e-01
65 5.704830e-03 1.776148e-01
50 7.011279e-03 1.851532e-01
40 9.188695e-03 1.595591e-01
30 1.289030e-02 1.075571e-01
26 1.515481e-02 8.244254e-02
23 1.815965e-02 3.235747e-02
20 2.085964e-02 9.351571e-14
18 2.325480e-02 1.370999e-15
17 2.473544e-02 -3.041122e-15
16 2.652092e-02 2.378285e-15
15 2.839350e-02 1.530106e-15
1000 2.612899e-04 2.925757e-01
100 3.353220e-03 2.139950e-01
65 5.704830e-03 2.078337e-01
50 7.011279e-03 1.920477e-01
40 9.188695e-03 1.583692e-01
30 1.289030e-02 1.188966e-01
26 1.515481e-02 8.137032e-02
23 1.815965e-02 3.277418e-02
20 2.085964e-02 9.510734e-14
18 2.325480e-02 1.271665e-15
17 2.473544e-02 -2.769135e-15
16 2.652092e-02 2.423019e-15
15 2.839350e-02 1.519527e-15
1000 2.612899e-04 2.904705e-01
100 3.353220e-03 2.120174e-01
65 5.704830e-03 1.722717e-01
50 7.011279e-03 1.681516e-01
40 9.188695e-03 1.571423e-01
30 1.289030e-02 1.037741e-01
26 1.515481e-02 8.811485e-02
23 1.815965e-02 3.227231e-02
20 2.085964e-02 9.041921e-14
18 2.325480e-02 1.308915e-15
17 2.473544e-02 -3.028425e-15
16 2.652092e-02 2.201560e-15
15 2.839350e-02 1.516400e-15
1000 2.612899e-04 2.711484e-01
100 3.353220e-03 2.214436e-01
65 5.704830e-03 1.899133e-01
50 7.011279e-03 1.618856e-01
40 9.188695e-03 1.579664e-01
30 1.289030e-02 1.130755e-01
26 1.515481e-02 7.623897e-02
23 1.815965e-02 3.204987e-02
20 2.085964e-02 8.957513e-14
18 2.325480e-02 1.311192e-15
17 2.473544e-02 -3.146037e-15
16 2.652092e-02 2.335936e-15
15 2.839350e-02 1.487196e-15
1000 2.612899e-04 2.586558e-01
100 3.353220e-03 2.145741e-01
65 5.704830e-03 2.044184e-01
50 7.011279e-03 1.779983e-01
40 9.188695e-03 1.634018e-01
30 1.289030e-02 1.187303e-01
26 1.515481e-02 8.351697e-02
23 1.815965e-02 3.305365e-02
20 2.085964e-02 8.786813e-14
18 2.325480e-02 1.299661e-15
17 2.473544e-02 -3.027014e-15
16 2.652092e-02 2.402653e-15
15 2.839350e-02 1.532186e-15
1000 2.612899e-04 2.930151e-01
100 3.353220e-03 1.958202e-01
65 5.704830e-03 1.897607e-01
50 7.011279e-03 1.720935e-01
40 9.188695e-03 1.592469e-01
30 1.289030e-02 1.131729e-01
26 1.515481e-02 8.278219e-02
23 1.815965e-02 3.201618e-02
20 2.085964e-02 9.365656e-14
18 2.325480e-02 1.303439e-15
17 2.473544e-02 -3.111362e-15
16 2.652092e-02 2.254326e-15
15 2.839350e-02 1.517660e-15
1000 2.612899e-04 2.961380e-01
100 3.353220e-03 2.190766e-01
65 5.704830e-03 1.821287e-01
50 7.011279e-03 1.703631e-01
40 9.188695e-03 1.539066e-01
30 1.289030e-02 1.165660e-01
26 1.515481e-02 8.371985e-02
23 1.815965e-02 3.110063e-02
20 2.085964e-02 9.047559e-14
18 2.325480e-02 1.296956e-15
17 2.473544e-02 -3.050040e-15
16 2.652092e-02 2.293721e-15
15 2.839350e-02 1.593349e-15
1000 2.612899e-04 2.706770e-01
100 3.353220e-03 2.022561e-01
65 5.704830e-03 1.844931e-01
50 7.011279e-03 1.710957e-01
40 9.188695e-03 1.570121e-01
30 1.289030e-02 1.083609e-01
26 1.515481e-02 8.074798e-02
23 1.815965e-02 3.085346e-02
20 2.085964e-02 8.827623e-14
18 2.325480e-02 1.258311e-15
17 2.473544e-02 -3.022696e-15
16 2.652092e-02 2.311736e-15
15 2.839350e-02 1.528338e-15
1000 2.612899e-04 2.937948e-01
100 3.353220e-03 2.196645e-01
65 5.704830e-03 1.844754e-01
50 7.011279e-03 1.897953e-01
40 9.188695e-03 1.678652e-01
30 1.289030e-02 1.165848e-01
26 1.515481e-02 8.638179e-02
23 1.815965e-02 3.158039e-02
20 2.085964e-02 9.517706e-14
18 2.325480e-02 1.319196e-15
17 2.473544e-02 -3.234775e-15
16 2.652092e-02 2.284052e-15
15 2.839350e-02 1.551966e-15
1000 2.612899e-04 3.108563e-01
100 3.353220e-03 2.080112e-01
65 5.704830e-03 1.806888e-01
50 7.011279e-03 1.658638e-01
40 9.188695e-03 1.522050e-01
30 1.289030e-02 1.153372e-01
26 1.515481e-02 8.947376e-02
23 1.815965e-02 3.117350e-02
20 2.085964e-02 8.970291e-14
18 2.325480e-02 1.311903e-15
17 2.473544e-02 -3.063031e-15
16 2.652092e-02 2.306230e-15
15 2.839350e-02 1.516270e-15
1000 2.612899e-04 2.899396e-01
100 3.353220e-03 2.400745e-01
65 5.704830e-03 2.008760e-01
50 7.011279e-03 1.602670e-01
40 9.188695e-03 1.588591e-01
30 1.289030e-02 1.165108e-01
26 1.515481e-02 8.208225e-02
23 1.815965e-02 3.174265e-02
20 2.085964e-02 8.631814e-14
18 2.325480e-02 1.383210e-15
17 2.473544e-02 -2.860366e-15
16 2.652092e-02 2.329004e-15
15 2.839350e-02 1.538212e-15
1000 2.612899e-04 2.693330e-01
100 3.353220e-03 2.249214e-01
65 5.704830e-03 1.998726e-01
50 7.011279e-03 1.812557e-01
40 9.188695e-03 1.471951e-01
30 1.289030e-02 1.126587e-01
26 1.515481e-02 8.712906e-02
23 1.815965e-02 3.342698e-02
20 2.085964e-02 8.828795e-14
18 2.325480e-02 1.344903e-15
17 2.473544e-02 -3.078612e-15
16 2.652092e-02 2.186302e-15
15 2.839350e-02 1.573871e-15
1000 2.612899e-04 2.885630e-01
100 3.353220e-03 2.219203e-01
65 5.704830e-03 1.684402e-01
50 7.011279e-03 1.683625e-01
40 9.188695e-03 1.473449e-01
30 1.289030e-02 1.081493e-01
26 1.515481e-02 8.342483e-02
23 1.815965e-02 3.248759e-02
20 2.085964e-02 9.183178e-14
18 2.325480e-02 1.270752e-15
17 2.473544e-02 -3.000668e-15
16 2.652092e-02 2.352897e-15
15 2.839350e-02 1.444186e-15
1000 2.612899e-04 2.557747e-01
100 3.353220e-03 2.199869e-01
65 5.704830e-03 2.134555e-01
50 7.011279e-03 1.888807e-01
40 9.188695e-03 1.485772e-01
30 1.289030e-02 1.101284e-01
26 1.515481e-02 7.576508e-02
23 1.815965e-02 3.264053e-02
20 2.085964e-02 9.426383e-14
18 2.325480e-02 1.254044e-15
17 2.473544e-02 -3.013710e-15
16 2.652092e-02 2.166623e-15
15 2.839350e-02 1.607356e-15
1000 2.612899e-04 3.053751e-01
100 3.353220e-03 2.169078e-01
65 5.704830e-03 1.937410e-01
50 7.011279e-03 1.785614e-01
40 9.188695e-03 1.572295e-01
30 1.289030e-02 1.194096e-01
26 1.515481e-02 7.930676e-02
23 1.815965e-02 3.310469e-02
20 2.085964e-02 8.956714e-14
18 2.325480e-02 1.275559e-15
17 2.473544e-02 -2.931173e-15
16 2.652092e-02 2.349401e-15
15 2.839350e-02 1.571082e-15
1000 2.612899e-04 2.790630e-01
100 3.353220e-03 1.929058e-01
65 5.704830e-03 1.923102e-01
50 7.011279e-03 1.640089e-01
40 9.188695e-03 1.541563e-01
30 1.289030e-02 1.098792e-01
26 1.515481e-02 8.412025e-02
23 1.815965e-02 3.286040e-02
20 2.085964e-02 9.547049e-14
18 2.325480e-02 1.306592e-15
17 2.473544e-02 -3.193003e-15
