# k_step gamma S_color
1000 6.765023e-05 1.130664e-01
100 1.357724e-03 1.098558e-01
65 2.385318e-03 9.347450e-02
50 3.364946e-03 7.908018e-02
40 4.512072e-03 8.468167e-02
30 6.594110e-03 6.406705e-02
26 7.968958e-03 5.529658e-02
23 9.376545e-03 3.701769e-02
20 1.129275e-02 1.109465e-02
18 1.299754e-02 -4.310478e-14
17 1.403005e-02 1.505888e-15
16 1.521706e-02 -5.751988e-16
15 1.659402e-02 -2.389701e-16
1000 6.765023e-05 1.255609e-01
100 1.357724e-03 1.049983e-01
65 2.385318e-03 9.855557e-02
50 3.364946e-03 9.496708e-02
40 4.512072e-03 8.421267e-02
30 6.594110e-03 6.542417e-02
26 7.968958e-03 5.524175e-02
23 9.376545e-03 3.588508e-02
20 1.129275e-02 1.147900e-02
18 1.299754e-02 -4.326348e-14
17 1.403005e-02 1.560285e-15
16 1.521706e-02 -5.717629e-16
15 1.659402e-02 -2.527579e-16
1000 6.765023e-05 1.161682e-01
100 1.357724e-03 9.967437e-02
65 2.385318e-03 9.893190e-02
50 3.364946e-03 9.255607e-02
40 4.512072e-03 8.523651e-02
30 6.594110e-03 6.483992e-02
26 7.968958e-03 5.339391e-02
23 9.376545e-03 3.732469e-02
20 1.129275e-02 1.140395e-02
18 1.299754e-02 -3.974082e-14
17 1.403005e-02 1.583792e-15
16 1.521706e-02 -5.725795e-16
15 1.659402e-02 -2.525637e-16
1000 6.765023e-05 1.209009e-01
100 1.357724e-03 1.108421e-01
65 2.385318e-03 9.800327e-02
50 3.364946e-03 8.770087e-02
40 4.512072e-03 8.435064e-02
30 6.594110e-03 6.869000e-02
26 7.968958e-03 5.337978e-02
23 9.376545e-03 3.724055e-02
20 1.129275e-02 1.171435e-02
18 1.299754e-02 -4.093308e-14
17 1.403005e-02 1.527891e-15
16 1.521706e-02 -5.629167e-16
15 1.659402e-02 -2.559781e-16
1000 6.765023e-05 1.143883e-01
100 1.357724e-03 1.054575e-01
65 2.385318e-03 1.030448e-01
50 3.364946e-03 8.724126e-02
40 4.512072e-03 7.846883e-02
30 6.594110e-03 6.459818e-02
26 7.968958e-03 5.206805e-02
23 9.376545e-03 3.561004e-02
20 1.129275e-02 1.121038e-02
18 1.299754e-02 -4.158424e-14
17 1.403005e-02 1.508939e-15
16 1.521706e-02 -5.647805e-16
15 1.659402e-02 -2.567829e-16
1000 6.765023e-05 1.265690e-01
100 1.357724e-03 1.084161e-01
65 2.385318e-03 9.586133e-02
50 3.364946e-03 8.963793e-02
40 4.512072e-03 8.291690e-02
30 6.594110e-03 6.508892e-02
26 7.968958e-03 5.485787e-02
23 9.376545e-03 3.889988e-02
20 1.129275e-02 1.117478e-02
18 1.299754e-02 -4.120011e-14
17 1.403005e-02 1.549496e-15
16 1.521706e-02 -5.749270e-16
15 1.659402e-02 -2.481298e-16
1000 6.765023e-05 1.222320e-01
100 1.357724e-03 1.010342e-01
65 2.385318e-03 1.010569e-01
50 3.364946e-03 9.356147e-02
40 4.512072e-03 8.088912e-02
30 6.594110e-03 6.520938e-02
26 7.968958e-03 5.610831e-02
23 9.376545e-03 3.974426e-02
20 1.129275e-02 1.074973e-02
18 1.299754e-02 -4.282100e-14
17 1.403005e-02 1.545611e-15
16 1.521706e-02 -5.535836e-16
15 1.659402e-02 -2.614140e-16
1000 6.765023e-05 1.233962e-01
100 1.357724e-03 1.037024e-01
65 2.385318e-03 9.863664e-02
50 3.364946e-03 8.961013e-02
40 4.512072e-03 8.008889e-02
30 6.594110e-03 6.652807e-02
26 7.968958e-03 5.435533e-02
23 9.376545e-03 3.688617e-02
20 1.129275e-02 1.178189e-02
18 1.299754e-02 -4.172603e-14
17 1.403005e-02 1.524869e-15
16 1.521706e-02 -5.661773e-16
15 1.659402e-02 -2.557240e-16
1000 6.765023e-05 1.430923e-01
100 1.357724e-03 1.074196e-01
65 2.385318e-03 1.009254e-01
50 3.364946e-03 9.201739e-02
40 4.512072e-03 7.742396e-02
30 6.594110e-03 6.587456e-02
26 7.968958e-03 5.214873e-02
23 9.376545e-03 3.908250e-02
20 1.129275e-02 1.124333e-02
18 1.299754e-02 -4.249274e-14
17 1.403005e-02 1.482049e-15
16 1.521706e-02 -6.130620e-16
15 1.659402e-02 -2.333242e-16
1000 6.765023e-05 1.351258e-01
100 1.357724e-03 1.029572e-01
65 2.385318e-03 1.002921e-01
50 3.364946e-03 8.637721e-02
40 4.512072e-03 8.595026e-02
30 6.594110e-03 6.329152e-02
26 7.968958e-03 5.314475e-02
23 9.376545e-03 3.582275e-02
20 1.129275e-02 1.139221e-02
18 1.299754e-02 -4.125304e-14
17 1.403005e-02 1.519492e-15
16 1.521706e-02 -5.606586e-16
15 1.659402e-02 -2.547262e-16
1000 6.765023e-05 1.157144e-01
100 1.357724e-03 1.094692e-01
65 2.385318e-03 9.440842e-02
50 3.364946e-03 8.675068e-02
40 4.512072e-03 8.218373e-02
30 6.594110e-03 6.214345e-02
26 7.968958e-03 5.082768e-02
23 9.376545e-03 3.905889e-02
20 1.129275e-02 1.104420e-02
18 1.299754e-02 -4.271577e-14
17 1.403005e-02 1.506848e-15
16 1.521706e-02 -5.794858e-16
15 1.659402e-02 -2.499484e-16
1000 6.765023e-05 1.277409e-01
100 1.357724e-03 1.156136e-01
65 2.385318e-03 9.501337e-02
50 3.364946e-03 9.113679e-02
40 4.512072e-03 8.587072e-02
30 6.594110e-03 6.633573e-02
26 7.968958e-03 5.500741e-02
23 9.376545e-03 3.899287e-02
20 1.129275e-02 1.092293e-02
18 1.299754e-02 -3.981145e-14
17 1.403005e-02 1.556176e-15
16 1.521706e-02 -6.025951e-16
15 1.659402e-02 -2.664328e-16
1000 6.765023e-05 1.180640e-01
100 1.357724e-03 1.061464e-01
65 2.385318e-03 9.823897e-02
50 3.364946e-03 9.339478e-02
40 4.512072e-03 8.377647e-02
30 6.594110e-03 6.620710e-02
26 7.968958e-03 5.478971e-02
23 9.376545e-03 3.630306e-02
20 1.129275e-02 1.161598e-02
18 1.299754e-02 -4.264678e-14
17 1.403005e-02 1.521048e-15
16 1.521706e-02 -5.525594e-16
15 1.659402e-02 -2.440189e-16
1000 6.765023e-05 1.301265e-01
100 1.357724e-03 1.045492e-01
65 2.385318e-03 9.743248e-02
50 3.364946e-03 9.119944e-02
40 4.512072e-03 7.994424e-02
30 6.594110e-03 6.337710e-02
26 7.968958e-03 5.416357e-02
23 9.376545e-03 3.658859e-02
20 1.129275e-02 1.058231e-02
18 1.299754e-02 -4.186544e-14
17 1.403005e-02 1.517077e-15
16 1.521706e-02 -5.374646e-16
15 1.659402e-02 -2.420546e-16
1000 6.765023e-05 1.213289e-01
100 1.357724e-03 1.060594e-01
65 2.385318e-03 9.800752e-02
50 3.364946e-03 9.423442e-02
40 4.512072e-03 8.508873e-02
30 6.594110e-03 6.380183e-02
26 7.968958e-03 5.282174e-02
23 9.376545e-03 3.863982e-02
20 1.129275e-02 1.118957e-02
18 1.299754e-02 -4.151848e-14
17 1.403005e-02 1.603453e-15
16 1.521706e-02 -5.484407e-16
15 1.659402e-02 -2.531289e-16
1000 6.765023e-05 1.243989e-01
100 1.357724e-03 1.030361e-01
65 2.385318e-03 9.812799e-02
50 3.364946e-03 8.543652e-02
40 4.512072e-03 8.360941e-02
30 6.594110e-03 6.254994e-02
26 7.968958e-03 5.054489e-02
23 9.376545e-03 3.735773e-02
20 1.129275e-02 1.117006e-02
18 1.299754e-02 -4.285833e-14
17 1.403005e-02 1.649266e-15
16 1.521706e-02 -5.770758e-16
15 1.659402e-02 -2.554188e-16
1000 6.765023e-05 1.214179e-01
100 1.357724e-03 1.016407e-01
65 2.385318e-03 1.017651e-01
50 3.364946e-03 9.029244e-02
40 4.512072e-03 8.950497e-02
30 6.594110e-03 7.005323e-02
26 7.968958e-03 5.283734e-02
23 9.376545e-03 3.890785e-02
20 1.129275e-02 1.130499e-02
18 1.299754e-02 -4.242768e-14
17 1.403005e-02 1.482170e-15
16 1.521706e-02 -5.720262e-16
15 1.659402e-02 -2.420213e-16
1000 6.765023e-05 1.231464e-01
100 1.357724e-03 1.048117e-01
65 2.385318e-03 9.926943e-02
50 3.364946e-03 8.981306e-02
40 4.512072e-03 8.435771e-02
30 6.594110e-03 6.709571e-02
26 7.968958e-03 5.457153e-02
23 9.376545e-03 3.648025e-02
20 1.129275e-02 1.212087e-02
18 1.299754e-02 -4.003718e-14
17 1.403005e-02 1.487838e-15
16 1.521706e-02 -5.604057e-16
15 1.659402e-02 -2.547327e-16
1000 6.765023e-05 1.202569e-01
100 1.357724e-03 1.045226e-01
65 2.385318e-03 9.903239e-02
50 3.364946e-03 8.844930e-02
40 4.512072e-03 7.967870e-02
30 6.594110e-03 6.893505e-02
26 7.968958e-03 4.933165e-02
23 9.376545e-03 3.813571e-02
20 1.129275e-02 1.169674e-02
18 1.299754e-02 -4.337891e-14
17 1.403005e-02 1.533520e-15
16 1.521706e-02 -5.944376e-16
15 1.659402e-02 -2.582475e-16
1000 6.765023e-05 1.209196e-01
100 1.357724e-03 1.041706e-01
65 2.385318e-03 1.021319e-01
50 3.364946e-03 9.276551e-02
40 4.512072e-03 7.673865e-02
30 6.594110e-03 6.489209e-02
26 7.968958e-03 5.004570e-02
23 9.376545e-03 3.727095e-02
20 1.129275e-02 1.109417e-02
18 1.299754e-02 -4.216733e-14
17 1.403005e-02 1.523402e-15
16 1.521706e-02 -5.701148e-16
15 1.659402e-02 -2.515807e-16
1000 6.765023e-05 1.215962e-01
100 1.357724e-03 1.009932e-01
65 2.385318e-03 9.781129e-02
50 3.364946e-03 8.708896e-02
40 4.512072e-03 8.216045e-02
30 6.594110e-03 6.635238e-02
26 7.968958e-03 5.353334e-02
23 9.376545e-03 3.748690e-02
20 1.129275e-02 1.101358e-02
18 1.299754e-02 -3.990360e-14
17 1.403005e-02 1.539854e-15
16 1.521706e-02 -5.587913e-16
15 1.659402e-02 -2.431808e-16
1000 6.765023e-05 1.332187e-01
100 1.357724e-03 1.063707e-01
65 2.385318e-03 9.732233e-02
50 3.364946e-03 9.215507e-02
40 4.512072e-03 8.687702e-02
30 6.594110e-03 6.907140e-02
26 7.968958e-03 5.418721e-02
23 9.376545e-03 3.945724e-02
20 1.129275e-02 1.137675e-02
18 1.299754e-02 -4.148108e-14
17 1.403005e-02 1.514020e-15
16 1.521706e-02 -5.759467e-16
15 1.659402e-02 -2.628517e-16
1000 6.765023e-05 1.215221e-01
100 1.357724e-03 1.067202e-01
65 2.385318e-03 9.771588e-02
50 3.364946e-03 9.130176e-02
40 4.512072e-03 8.082002e-02
30 6.594110e-03 6.297852e-02
26 7.968958e-03 5.301376e-02
23 9.376545e-03 3.691495e-02
20 1.129275e-02 1.081431e-02
18 1.299754e-02 -4.286402e-14
17 1.403005e-02 1.484388e-15
16 1.521706e-02 -5.905527e-16
15 1.659402e-02 -2.580813e-16
1000 6.765023e-05 1.205032e-01
100 1.357724e-03 1.070608e-01
65 2.385318e-03 9.780244e-02
50 3.364946e-03 9.243737e-02
40 4.512072e-03 8.268789e-02
30 6.594110e-03 6.284688e-02
26 7.968958e-03 5.507027e-02
23 9.376545e-03 3.745249e-02
20 1.129275e-02 1.137245e-02
18 1.299754e-02 -4.124588e-14
17 1.403005e-02 1.525346e-15
16 1.521706e-02 -5.532779e-16
15 1.659402e-02 -2.422559e-16
1000 6.765023e-05 1.205477e-01
100 1.357724e-03 1.000607e-01
65 2.385318e-03 9.793413e-02
50 3.364946e-03 9.063430e-02
40 4.512072e-03 8.347145e-02
30 6.594110e-03 6.760231e-02
26 7.968958e-03 5.104691e-02
23 9.376545e-03 3.693741e-02
20 1.129275e-02 1.138615e-02
18 1.299754e-02 -4.198742e-14
17 1.403005e-02 1.636985e-15
16 1.521706e-02 -5.476758e-16
15 1.659402e-02 -2.579408e-16
1000 6.765023e-05 1.281595e-01
100 1.357724e-03 1.079384e-01
65 2.385318e-03 1.007945e-01
50 3.364946e-03 9.215968e-02
40 4.512072e-03 8.154400e-02
30 6.594110e-03 6.673776e-02
26 7.968958e-03 5.377095e-02
23 9.376545e-03 3.722776e-02
20 1.129275e-02 1.089080e-02
18 1.299754e-02 -4.011100e-14
17 1.403005e-02 1.488253e-15
16 1.521706e-02 -5.796846e-16
15 1.659402e-02 -2.460132e-16
1000 6.765023e-05 1.206636e-01
100 1.357724e-03 1.001127e-01
65 2.385318e-03 1.047909e-01
50 3.364946e-03 8.505403e-02
40 4.512072e-03 8.111360e-02
30 6.594110e-03 6.760193e-02
26 7.968958e-03 5.111881e-02
23 9.376545e-03 3.801107e-02
20 1.129275e-02 1.101861e-02
18 1.299754e-02 -3.976796e-14
17 1.403005e-02 1.523840e-15
16 1.521706e-02 -5.608292e-16
15 1.659402e-02 -2.432924e-16
1000 6.765023e-05 1.206019e-01
100 1.357724e-03 1.095411e-01
65 2.385318e-03 9.854702e-02
50 3.364946e-03 9.036616e-02
40 4.512072e-03 8.174184e-02
30 6.594110e-03 6.930908e-02
26 7.968958e-03 5.147898e-02
23 9.376545e-03 3.704851e-02
20 1.129275e-02 1.142915e-02
18 1.299754e-02 -4.238351e-14
17 1.403005e-02 1.526039e-15
16 1.521706e-02 -5.631212e-16
15 1.659402e-02 -2.529623e-16
1000 6.765023e-05 1.255526e-01
100 1.357724e-03 1.020357e-01
65 2.385318e-03 9.926560e-02
50 3.364946e-03 8.971234e-02
40 4.512072e-03 8.342023e-02
30 6.594110e-03 6.686657e-02
26 7.968958e-03 5.668325e-02
23 9.376545e-03 3.672138e-02
20 1.129275e-02 1.121631e-02
18 1.299754e-02 -4.375656e-14
17 1.403005e-02 1.581859e-15
16 1.521706e-02 -5.599102e-16
15 1.659402e-02 -2.569922e-16
1000 6.765023e-05 1.280117e-01
100 1.357724e-03 9.957714e-02
65 2.385318e-03 9.706909e-02
50 3.364946e-03 9.325070e-02
40 4.512072e-03 7.909853e-02
30 6.594110e-03 6.604048e-02
26 7.968958e-03 5.459527e-02
23 9.376545e-03 3.850572e-02
20 1.129275e-02 1.083384e-02
18 1.299754e-02 -4.130601e-14
17 1.403005e-02 1.615596e-15
16 1.521706e-02 -5.474733e-16
15 1.659402e-02 -2.404854e-16
1000 6.765023e-05 1.187052e-01
100 1.357724e-03 1.017736e-01
65 2.385318e-03 9.492029e-02
50 3.364946e-03 8.615848e-02
40 4.512072e-03 8.530777e-02
30 6.594110e-03 6.623897e-02
26 7.968958e-03 5.416296e-02
23 9.376545e-03 3.898515e-02
20 1.129275e-02 1.113747e-02
18 1.299754e-02 -4.103643e-14
17 1.403005e-02 1.534124e-15
16 1.521706e-02 -5.578198e-16
15 1.659402e-02 -2.485414e-16
1000 6.765023e-05 1.356149e-01
100 1.357724e-03 1.021823e-01
65 2.385318e-03 9.655332e-02
50 3.364946e-03 9.506568e-02
40 4.512072e-03 8.160897e-02
30 6.594110e-03 6.374621e-02
26 7.968958e-03 5.496104e-02
23 9.376545e-03 3.860672e-02
20 1.129275e-02 1.113355e-02
18 1.299754e-02 -4.240281e-14
17 1.403005e-02 1.570336e-15
16 1.521706e-02 -5.685420e-16
15 1.659402e-02 -2.501737e-16
1000 6.765023e-05 1.258289e-01
100 1.357724e-03 1.045793e-01
65 2.385318e-03 9.424763e-02
50 3.364946e-03 8.622805e-02
40 4.512072e-03 8.099794e-02
30 6.594110e-03 6.736247e-02
26 7.968958e-03 5.597833e-02
23 9.376545e-03 3.842580e-02
20 1.129275e-02 1.089197e-02
18 1.299754e-02 -3.970543e-14
17 1.403005e-02 1.508651e-15
16 1.521706e-02 -5.618416e-16
15 1.659402e-02 -2.424454e-16
1000 6.765023e-05 1.170900e-01
100 1.357724e-03 1.113667e-01
65 2.385318e-03 1.005242e-01
50 3.364946e-03 9.540603e-02
40 4.512072e-03 8.096331e-02
30 6.594110e-03 6.615566e-02
26 7.968958e-03 5.341440e-02
23 9.376545e-03 3.744867e-02
20 1.129275e-02 1.186255e-02
18 1.299754e-02 -4.126161e-14
17 1.403005e-02 1.576375e-15
16 1.521706e-02 -5.500838e-16
15 1.659402e-02 -2.561415e-16
1000 6.765023e-05 1.263291e-01
100 1.357724e-03 1.054994e-01
65 2.385318e-03 9.781835e-02
50 3.364946e-03 8.621803e-02
40 4.512072e-03 7.740618e-02
30 6.594110e-03 6.624536e-02
26 7.968958e-03 5.562512e-02
23 9.376545e-03 3.742849e-02
20 1.129275e-02 1.176442e-02
18 1.299754e-02 -4.367798e-14
17 1.403005e-02 1.607734e-15
16 1.521706e-02 -5.972814e-16
15 1.659402e-02 -2.539332e-16
1000 6.765023e-05 1.167785e-01
100 1.357724e-03 1.020392e-01
65 2.385318e-03 9.693658e-02
50 3.364946e-03 8.701750e-02
40 4.512072e-03 8.283658e-02
30 6.594110e-03 6.791546e-02
26 7.968958e-03 5.482258e-02
23 9.376545e-03 3.891438e-02
20 1.129275e-02 1.107933e-02
18 1.299754e-02 -4.226118e-14
17 1.403005e-02 1.504915e-15
16 1.521706e-02 -5.624516e-16
15 1.659402e-02 -2.473472e-16
1000 6.765023e-05 1.169125e-01
100 1.357724e-03 9.720574e-02
65 2.385318e-03 9.547141e-02
50 3.364946e-03 9.338109e-02
40 4.512072e-03 8.951271e-02
30 6.594110e-03 6.206522e-02
26 7.968958e-03 5.074867e-02
23 9.376545e-03 3.822194e-02
20 1.129275e-02 1.139809e-02
18 1.299754e-02 -4.189960e-14
17 1.403005e-02 1.502466e-15
16 1.521706e-02 -5.721436e-16
15 1.659402e-02 -2.552506e-16
1000 6.765023e-05 1.205130e-01
100 1.357724e-03 1.082245e-01
65 2.385318e-03 9.576536e-02
50 3.364946e-03 9.422486e-02
40 4.512072e-03 8.736163e-02
30 6.594110e-03 6.591762e-02
26 7.968958e-03 5.032606e-02
23 9.376545e-03 3.676674e-02
20 1.129275e-02 1.083258e-02
18 1.299754e-02 -4.173102e-14
17 1.403005e-02 1.583740e-15
16 1.521706e-02 -5.560141e-16
15 1.659402e-02 -2.372450e-16
1000 6.765023e-05 1.122156e-01
100 1.357724e-03 1.012771e-01
65 2.385318e-03 9.973952e-02
50 3.364946e-03 9.647545e-02
40 4.512072e-03 7.807625e-02
30 6.594110e-03 6.489093e-02
26 7.968958e-03 5.094241e-02
23 9.376545e-03 3.798449e-02
20 1.129275e-02 1.116418e-02
18 1.299754e-02 -4.074580e-14
17 1.403005e-02 1.532807e-15
16 1.521706e-02 -5.472889e-16
# k_step gamma S_color
1000 6.765023e-05 1.250798e-01
100 1.357724e-03 1.003258e-01
65 2.385318e-03 1.013974e-01
50 3.364946e-03 9.073802e-02
40 4.512072e-03 8.309152e-02
30 6.594110e-03 6.478496e-02
26 7.968958e-03 5.226589e-02
23 9.376545e-03 3.795373e-02
20 1.129275e-02 1.153344e-02
18 1.299754e-02 -4.112982e-14
17 1.403005e-02 1.625840e-15
16 1.521706e-02 -5.594943e-16
15 1.659402e-02 -2.378878e-16
1000 6.765023e-05 1.123305e-01
100 1.357724e-03 1.035918e-01
65 2.385318e-03 9.396578e-02
50 3.364946e-03 8.836078e-02
40 4.512072e-03 8.330943e-02
30 6.594110e-03 6.691355e-02
26 7.968958e-03 5.542712e-02
23 9.376545e-03 3.912026e-02
20 1.129275e-02 1.199580e-02
18 1.299754e-02 -3.972249e-14
17 1.403005e-02 1.572678e-15
16 1.521706e-02 -5.586663e-16
15 1.659402e-02 -2.554945e-16
1000 6.765023e-05 1.285424e-01
100 1.357724e-03 1.084599e-01
65 2.385318e-03 1.000676e-01
50 3.364946e-03 8.535700e-02
40 4.512072e-03 7.964381e-02
30 6.594110e-03 6.520155e-02
26 7.968958e-03 5.525627e-02
23 9.376545e-03 3.995015e-02
20 1.129275e-02 1.065943e-02
18 1.299754e-02 -4.250271e-14
17 1.403005e-02 1.522821e-15
16 1.521706e-02 -5.660230e-16
15 1.659402e-02 -2.511418e-16
1000 6.765023e-05 1.205006e-01
100 1.357724e-03 1.099904e-01
65 2.385318e-03 9.540255e-02
50 3.364946e-03 9.339050e-02
40 4.512072e-03 7.891122e-02
30 6.594110e-03 6.883517e-02
26 7.968958e-03 5.148542e-02
23 9.376545e-03 3.643413e-02
20 1.129275e-02 1.119265e-02
18 1.299754e-02 -4.261540e-14
17 1.403005e-02 1.582548e-15
16 1.521706e-02 -5.712001e-16
15 1.659402e-02 -2.424571e-16
1000 6.765023e-05 1.200149e-01
100 1.357724e-03 1.066569e-01
65 2.385318e-03 9.914077e-02
50 3.364946e-03 8.979470e-02
40 4.512072e-03 8.884416e-02
30 6.594110e-03 6.442808e-02
26 7.968958e-03 5.297226e-02
23 9.376545e-03 3.897508e-02
20 1.129275e-02 1.121507e-02
18 1.299754e-02 -4.174867e-14
17 1.403005e-02 1.515386e-15
16 1.521706e-02 -5.634973e-16
15 1.659402e-02 -2.522030e-16
1000 6.765023e-05 1.174403e-01
100 1.357724e-03 1.061634e-01
65 2.385318e-03 1.022068e-01
50 3.364946e-03 8.610754e-02
40 4.512072e-03 8.087633e-02
30 6.594110e-03 6.653195e-02
26 7.968958e-03 5.322975e-02
23 9.376545e-03 3.918931e-02
20 1.129275e-02 1.143561e-02
18 1.299754e-02 -4.208942e-14
17 1.403005e-02 1.570122e-15
16 1.521706e-02 -5.565090e-16
15 1.659402e-02 -2.613684e-16
1000 6.765023e-05 1.131118e-01
100 1.357724e-03 1.032797e-01
65 2.385318e-03 9.746334e-02
50 3.364946e-03 9.109911e-02
40 4.512072e-03 7.489370e-02
30 6.594110e-03 6.470640e-02
26 7.968958e-03 5.354933e-02
23 9.376545e-03 3.668970e-02
20 1.129275e-02 1.054701e-02
18 1.299754e-02 -3.946135e-14
17 1.403005e-02 1.491640e-15
16 1.521706e-02 -5.665699e-16
15 1.659402e-02 -2.455765e-16
1000 6.765023e-05 1.176616e-01
100 1.357724e-03 9.950115e-02
65 2.385318e-03 9.684809e-02
50 3.364946e-03 9.232737e-02
40 4.512072e-03 8.063451e-02
30 6.594110e-03 6.806066e-02
26 7.968958e-03 5.069376e-02
23 9.376545e-03 3.921006e-02
20 1.129275e-02 1.133060e-02
18 1.299754e-02 -4.049260e-14
17 1.403005e-02 1.513526e-15
16 1.521706e-02 -5.652340e-16
15 1.659402e-02 -2.555988e-16
1000 6.765023e-05 1.206955e-01
100 1.357724e-03 1.035094e-01
65 2.385318e-03 1.018425e-01
50 3.364946e-03 8.726703e-02
40 4.512072e-03 7.938309e-02
30 6.594110e-03 6.746198e-02
26 7.968958e-03 5.152967e-02
23 9.376545e-03 3.735772e-02
20 1.129275e-02 1.121470e-02
18 1.299754e-02 -3.960066e-14
17 1.403005e-02 1.577216e-15
16 1.521706e-02 -5.638866e-16
15 1.659402e-02 -2.457511e-16
1000 6.765023e-05 1.128605e-01
100 1.357724e-03 1.015550e-01
65 2.385318e-03 9.766152e-02
50 3.364946e-03 8.820350e-02
40 4.512072e-03 8.196329e-02
30 6.594110e-03 6.605934e-02
26 7.968958e-03 5.122182e-02
23 9.376545e-03 3.732270e-02
20 1.129275e-02 1.122532e-02
18 1.299754e-02 -4.222139e-14
17 1.403005e-02 1.528479e-15
16 1.521706e-02 -5.339681e-16
15 1.659402e-02 -2.491563e-16
1000 6.765023e-05 1.312021e-01
100 1.357724e-03 1.058805e-01
65 2.385318e-03 9.895887e-02
50 3.364946e-03 9.169428e-02
40 4.512072e-03 8.593257e-02
30 6.594110e-03 6.279551e-02
26 7.968958e-03 5.253188e-02
23 9.376545e-03 3.946797e-02
20 1.129275e-02 1.152043e-02
18 1.299754e-02 -4.348711e-14
17 1.403005e-02 1.458463e-15
16 1.521706e-02 -6.124419e-16
15 1.659402e-02 -2.477336e-16
1000 6.765023e-05 1.232029e-01
100 1.357724e-03 9.826126e-02
65 2.385318e-03 9.673084e-02
50 3.364946e-03 8.444068e-02
40 4.512072e-03 7.911517e-02
30 6.594110e-03 6.887965e-02
26 7.968958e-03 5.396546e-02
23 9.376545e-03 3.657464e-02
20 1.129275e-02 1.107996e-02
18 1.299754e-02 -4.342077e-14
17 1.403005e-02 1.519051e-15
16 1.521706e-02 -5.848609e-16
15 1.659402e-02 -2.428508e-16
1000 6.765023e-05 1.308951e-01
100 1.357724e-03 1.046878e-01
65 2.385318e-03 9.489561e-02
50 3.364946e-03 8.993774e-02
40 4.512072e-03 8.207915e-02
30 6.594110e-03 7.116612e-02
26 7.968958e-03 5.230201e-02
23 9.376545e-03 3.748775e-02
20 1.129275e-02 1.112832e-02
18 1.299754e-02 -4.121611e-14
17 1.403005e-02 1.508884e-15
16 1.521706e-02 -5.810820e-16
15 1.659402e-02 -2.486442e-16
1000 6.765023e-05 1.252589e-01
100 1.357724e-03 9.968450e-02
65 2.385318e-03 1.011060e-01
50 3.364946e-03 9.381627e-02
40 4.512072e-03 7.854431e-02
30 6.594110e-03 6.819109e-02
26 7.968958e-03 5.016907e-02
23 9.376545e-03 3.866233e-02
20 1.129275e-02 1.118764e-02
18 1.299754e-02 -4.259867e-14
17 1.403005e-02 1.500329e-15
16 1.521706e-02 -5.785047e-16
15 1.659402e-02 -2.484592e-16
1000 6.765023e-05 1.253990e-01
100 1.357724e-03 1.051735e-01
65 2.385318e-03 9.766723e-02
50 3.364946e-03 8.961699e-02
40 4.512072e-03 7.654766e-02
30 6.594110e-03 6.149634e-02
26 7.968958e-03 5.481896e-02
23 9.376545e-03 3.617781e-02
20 1.129275e-02 1.151827e-02
18 1.299754e-02 -4.038710e-14
17 1.403005e-02 1.558889e-15
16 1.521706e-02 -5.747220e-16
15 1.659402e-02 -2.528467e-16
1000 6.765023e-05 1.283751e-01
100 1.357724e-03 1.009376e-01
65 2.385318e-03 8.778234e-02
50 3.364946e-03 9.232465e-02
40 4.512072e-03 7.759212e-02
30 6.594110e-03 6.640049e-02
26 7.968958e-03 5.238941e-02
23 9.376545e-03 3.616269e-02
20 1.129275e-02 1.128364e-02
18 1.299754e-02 -4.187104e-14
17 1.403005e-02 1.556720e-15
16 1.521706e-02 -5.633464e-16
15 1.659402e-02 -2.486580e-16
1000 6.765023e-05 1.177638e-01
100 1.357724e-03 1.046982e-01
65 2.385318e-03 9.379746e-02
50 3.364946e-03 8.252063e-02
40 4.512072e-03 8.998419e-02
30 6.594110e-03 6.263765e-02
26 7.968958e-03 5.131414e-02
23 9.376545e-03 3.885378e-02
20 1.129275e-02 1.125076e-02
18 1.299754e-02 -4.270513e-14
17 1.403005e-02 1.504462e-15
16 1.521706e-02 -5.582433e-16
15 1.659402e-02 -2.469348e-16
1000 6.765023e-05 1.263939e-01
100 1.357724e-03 1.021543e-01
65 2.385318e-03 1.006111e-01
50 3.364946e-03 9.134457e-02
40 4.512072e-03 8.539708e-02
30 6.594110e-03 6.886224e-02
26 7.968958e-03 5.305720e-02
23 9.376545e-03 3.583629e-02
20 1.129275e-02 1.064795e-02
18 1.299754e-02 -4.118630e-14
17 1.403005e-02 1.485479e-15
16 1.521706e-02 -5.620716e-16
15 1.659402e-02 -2.480614e-16
1000 6.765023e-05 1.296730e-01
100 1.357724e-03 1.044038e-01
65 2.385318e-03 1.021045e-01
50 3.364946e-03 8.546007e-02
40 4.512072e-03 8.390901e-02
30 6.594110e-03 6.928367e-02
26 7.968958e-03 5.428145e-02
23 9.376545e-03 3.764410e-02
20 1.129275e-02 1.107098e-02
18 1.299754e-02 -4.243864e-14
17 1.403005e-02 1.492761e-15
16 1.521706e-02 -5.610454e-16
15 1.659402e-02 -2.524156e-16
1000 6.765023e-05 1.149328e-01
100 1.357724e-03 1.069329e-01
65 2.385318e-03 1.060880e-01
50 3.364946e-03 8.618013e-02
40 4.512072e-03 8.262283e-02
30 6.594110e-03 6.411153e-02
26 7.968958e-03 5.066993e-02
23 9.376545e-03 3.873273e-02
20 1.129275e-02 1.127795e-02
18 1.299754e-02 -4.084810e-14
17 1.403005e-02 1.506406e-15
16 1.521706e-02 -5.822298e-16
15 1.659402e-02 -2.596729e-16
1000 6.765023e-05 1.281740e-01
100 1.357724e-03 1.146321e-01
65 2.385318e-03 9.907492e-02
50 3.364946e-03 9.348455e-02
40 4.512072e-03 8.041886e-02
30 6.594110e-03 6.593195e-02
26 7.968958e-03 4.993408e-02
23 9.376545e-03 3.816665e-02
20 1.129275e-02 1.126889e-02
18 1.299754e-02 -4.206707e-14
17 1.403005e-02 1.543724e-15
16 1.521706e-02 -6.017981e-16
15 1.659402e-02 -2.578937e-16
1000 6.765023e-05 1.242167e-01
100 1.357724e-03 1.078217e-01
65 2.385318e-03 9.621797e-02
50 3.364946e-03 9.065083e-02
40 4.512072e-03 8.621345e-02
30 6.594110e-03 6.436861e-02
26 7.968958e-03 5.094933e-02
23 9.376545e-03 3.817032e-02
20 1.129275e-02 1.096645e-02
18 1.299754e-02 -4.248012e-14
17 1.403005e-02 1.476518e-15
16 1.521706e-02 -5.598138e-16
15 1.659402e-02 -2.570982e-16
1000 6.765023e-05 1.199479e-01
100 1.357724e-03 1.075175e-01
65 2.385318e-03 9.992577e-02
50 3.364946e-03 9.089162e-02
40 4.512072e-03 8.180711e-02
30 6.594110e-03 6.747082e-02
26 7.968958e-03 5.620093e-02
23 9.376545e-03 3.731662e-02
20 1.129275e-02 1.144740e-02
18 1.299754e-02 -4.309349e-14
17 1.403005e-02 1.535041e-15
16 1.521706e-02 -5.668764e-16
15 1.659402e-02 -2.576616e-16
1000 6.765023e-05 1.203446e-01
100 1.357724e-03 1.004271e-01
65 2.385318e-03 9.990523e-02
50 3.364946e-03 8.863650e-02
40 4.512072e-03 7.474639e-02
30 6.594110e-03 6.469334e-02
26 7.968958e-03 5.530363e-02
23 9.376545e-03 3.852456e-02
20 1.129275e-02 1.051500e-02
18 1.299754e-02 -4.111174e-14
17 1.403005e-02 1.526368e-15
16 1.521706e-02 -5.561894e-16
15 1.659402e-02 -2.495316e-16
1000 6.765023e-05 1.256259e-01
100 1.357724e-03 1.090106e-01
65 2.385318e-03 8.962705e-02
50 3.364946e-03 8.896864e-02
40 4.512072e-03 8.417649e-02
30 6.594110e-03 6.346929e-02
26 7.968958e-03 5.108671e-02
23 9.376545e-03 3.783810e-02
20 1.129275e-02 1.122675e-02
18 1.299754e-02 -4.304895e-14
17 1.403005e-02 1.564091e-15
16 1.521706e-02 -5.529788e-16
15 1.659402e-02 -2.662607e-16
1000 6.765023e-05 1.218249e-01
100 1.357724e-03 1.064680e-01
65 2.385318e-03 1.030377e-01
50 3.364946e-03 9.163104e-02
40 4.512072e-03 7.821560e-02
30 6.594110e-03 6.261169e-02
26 7.968958e-03 5.268745e-02
23 9.376545e-03 3.872562e-02
20 1.129275e-02 1.120707e-02
18 1.299754e-02 -4.007373e-14
17 1.403005e-02 1.544275e-15
16 1.521706e-02 -5.536304e-16
15 1.659402e-02 -2.585509e-16
1000 6.765023e-05 1.154599e-01
100 1.357724e-03 9.921676e-02
65 2.385318e-03 9.371620e-02
50 3.364946e-03 8.975160e-02
40 4.512072e-03 8.530269e-02
30 6.594110e-03 6.889632e-02
26 7.968958e-03 5.039107e-02
23 9.376545e-03 3.566715e-02
20 1.129275e-02 1.074858e-02
18 1.299754e-02 -4.347097e-14
17 1.403005e-02 1.595354e-15
16 1.521706e-02 -5.585516e-16
15 1.659402e-02 -2.546912e-16
1000 6.765023e-05 1.234380e-01
100 1.357724e-03 1.033519e-01
65 2.385318e-03 1.003027e-01
50 3.364946e-03 8.500117e-02
40 4.512072e-03 8.233927e-02
30 6.594110e-03 7.263086e-02
26 7.968958e-03 5.438025e-02
23 9.376545e-03 3.710292e-02
20 1.129275e-02 1.168816e-02
18 1.299754e-02 -4.346738e-14
17 1.403005e-02 1.539357e-15
16 1.521706e-02 -6.036336e-16
15 1.659402e-02 -2.622633e-16
1000 6.765023e-05 1.201393e-01
100 1.357724e-03 1.093911e-01
65 2.385318e-03 9.946260e-02
50 3.364946e-03 8.711851e-02
40 4.512072e-03 8.482259e-02
30 6.594110e-03 6.390911e-02
26 7.968958e-03 5.161081e-02
23 9.376545e-03 3.674173e-02
20 1.129275e-02 1.133856e-02
18 1.299754e-02 -4.232644e-14
17 1.403005e-02 1.517419e-15
16 1.521706e-02 -5.793592e-16
15 1.659402e-02 -2.383768e-16
1000 6.765023e-05 1.279652e-01
100 1.357724e-03 1.062869e-01
65 2.385318e-03 9.571939e-02
50 3.364946e-03 8.411477e-02
40 4.512072e-03 8.318249e-02
30 6.594110e-03 6.260585e-02
26 7.968958e-03 5.479703e-02
23 9.376545e-03 3.868731e-02
20 1.129275e-02 1.065202e-02
18 1.299754e-02 -4.245763e-14
17 1.403005e-02 1.569139e-15
16 1.521706e-02 -5.730383e-16
15 1.659402e-02 -2.460228e-16
1000 6.765023e-05 1.214949e-01
100 1.357724e-03 1.054920e-01
65 2.385318e-03 9.696891e-02
50 3.364946e-03 8.567256e-02
40 4.512072e-03 8.264706e-02
30 6.594110e-03 6.803703e-02
26 7.968958e-03 5.527664e-02
23 9.376545e-03 3.551499e-02
20 1.129275e-02 1.116279e-02
18 1.299754e-02 -4.276207e-14
17 1.403005e-02 1.499680e-15
16 1.521706e-02 -5.550370e-16
15 1.659402e-02 -2.444562e-16
1000 6.765023e-05 1.179345e-01
100 1.357724e-03 1.008461e-01
65 2.385318e-03 9.225379e-02
50 3.364946e-03 8.354800e-02
40 4.512072e-03 7.736819e-02
30 6.594110e-03 6.302831e-02
26 7.968958e-03 5.448023e-02
23 9.376545e-03 3.601003e-02
20 1.129275e-02 1.103529e-02
18 1.299754e-02 -4.161019e-14
17 1.403005e-02 1.526327e-15
16 1.521706e-02 -5.527016e-16
15 1.659402e-02 -2.566782e-16
1000 6.765023e-05 1.139582e-01
100 1.357724e-03 1.078062e-01
65 2.385318e-03 1.015589e-01
50 3.364946e-03 9.419381e-02
40 4.512072e-03 8.226865e-02
30 6.594110e-03 6.419796e-02
26 7.968958e-03 5.345522e-02
23 9.376545e-03 3.870698e-02
20 1.129275e-02 1.134766e-02
18 1.299754e-02 -4.102224e-14
17 1.403005e-02 1.537914e-15
16 1.521706e-02 -5.598381e-16
15 1.659402e-02 -2.461631e-16
1000 6.765023e-05 1.248827e-01
100 1.357724e-03 1.024963e-01
65 2.385318e-03 9.971981e-02
50 3.364946e-03 9.399408e-02
40 4.512072e-03 7.740175e-02
30 6.594110e-03 6.568941e-02
26 7.968958e-03 5.201219e-02
23 9.376545e-03 3.848072e-02
20 1.129275e-02 1.168065e-02
18 1.299754e-02 -4.189468e-14
17 1.403005e-02 1.523307e-15
16 1.521706e-02 -5.695773e-16
15 1.659402e-02 -2.567279e-16
1000 6.765023e-05 1.180392e-01
100 1.357724e-03 1.113011e-01
65 2.385318e-03 1.009138e-01
50 3.364946e-03 9.292451e-02
40 4.512072e-03 8.389813e-02
30 6.594110e-03 7.076994e-02
26 7.968958e-03 5.500390e-02
23 9.376545e-03 4.115380e-02
20 1.129275e-02 1.087780e-02
18 1.299754e-02 -4.234825e-14
17 1.403005e-02 1.548753e-15
16 1.521706e-02 -5.551689e-16
15 1.659402e-02 -2.544651e-16
1000 6.765023e-05 1.145317e-01
100 1.357724e-03 1.035770e-01
65 2.385318e-03 9.943190e-02
50 3.364946e-03 9.071131e-02
40 4.512072e-03 8.241263e-02
30 6.594110e-03 6.401338e-02
26 7.968958e-03 5.224435e-02
23 9.376545e-03 3.640468e-02
20 1.129275e-02 1.143742e-02
18 1.299754e-02 -4.336366e-14
17 1.403005e-02 1.421773e-15
16 1.521706e-02 -5.409654e-16
15 1.659402e-02 -2.576471e-16
1000 6.765023e-05 1.210435e-01
100 1.357724e-03 1.142694e-01
65 2.385318e-03 9.869990e-02
50 3.364946e-03 8.817614e-02
40 4.512072e-03 8.114027e-02
30 6.594110e-03 6.384984e-02
26 7.968958e-03 5.226560e-02
23 9.376545e-03 3.777999e-02
20 1.129275e-02 1.076805e-02
18 1.299754e-02 -4.111263e-14
17 1.403005e-02 1.504760e-15
16 1.521706e-02 -6.092739e-16
15 1.659402e-02 -2.453477e-16
1000 6.765023e-05 1.158762e-01
100 1.357724e-03 1.035149e-01
65 2.385318e-03 1.002899e-01
50 3.364946e-03 8.340580e-02
40 4.512072e-03 8.471276e-02
30 6.594110e-03 6.755204e-02
26 7.968958e-03 5.205589e-02
23 9.376545e-03 3.707720e-02
20 1.129275e-02 1.123527e-02
18 1.299754e-02 -4.134820e-14
17 1.403005e-02 1.559931e-15
16 1.521706e-02 -5.559391e-16
15 1.659402e-02 -2.454602e-16
1000 6.765023e-05 1.096267e-01
100 1.357724e-03 1.041400e-01
65 2.385318e-03 9.667311e-02
50 3.364946e-03 9.067952e-02
40 4.512072e-03 8.443836e-02
30 6.594110e-03 6.823571e-02
26 7.968958e-03 5.297142e-02
23 9.376545e-03 3.919122e-02
20 1.129275e-02 1.170439e-02
18 1.299754e-02 -4.298442e-14
17 1.403005e-02 1.535166e-15
16 1.521706e-02 -5.663074e-16
15 1.659402e-02 -2.487013e-16
1000 6.765023e-05 1.239075e-01
100 1.357724e-03 1.134787e-01
65 2.385318e-03 9.877656e-02
50 3.364946e-03 8.694271e-02
40 4.512072e-03 8.556751e-02
30 6.594110e-03 6.549279e-02
26 7.968958e-03 5.119908e-02
23 9.376545e-03 3.867482e-02
20 1.129275e-02 1.137461e-02
18 1.299754e-02 -4.171434e-14
17 1.403005e-02 1.577140e-15
16 1.521706e-02 -5.770146e-16
15 1.659402e-02 -2.551387e-16
1000 6.765023e-05 1.281876e-01
100 1.357724e-03 1.081543e-01
65 2.385318e-03 9.764675e-02
50 3.364946e-03 8.976324e-02
40 4.512072e-03 8.180055e-02
30 6.594110e-03 6.156880e-02
26 7.968958e-03 4.638554e-02
23 9.376545e-03 3.841275e-02
20 1.129275e-02 1.096333e-02
18 1.299754e-02 -4.330282e-14
17 1.403005e-02 1.559433e-15
16 1.521706e-02 -5.679166e-16
15 1.659402e-02 -2.445354e-16
1000 6.765023e-05 1.269244e-01
100 1.357724e-03 1.082844e-01
65 2.385318e-03 9.702752e-02
50 3.364946e-03 8.722794e-02
40 4.512072e-03 8.447314e-02
30 6.594110e-03 6.968902e-02
26 7.968958e-03 4.831894e-02
23 9.376545e-03 3.820543e-02
20 1.129275e-02 1.162604e-02
18 1.299754e-02 -4.069573e-14
17 1.403005e-02 1.546020e-15
16 1.521706e-02 -6.120425e-16
15 1.659402e-02 -2.597123e-16
1000 6.765023e-05 1.218373e-01
100 1.357724e-03 9.465329e-02
65 2.385318e-03 9.432883e-02
50 3.364946e-03 9.106635e-02
40 4.512072e-03 8.630488e-02
30 6.594110e-03 6.295076e-02
26 7.968958e-03 5.386592e-02
23 9.376545e-03 3.788477e-02
20 1.129275e-02 1.069024e-02
18 1.299754e-02 -4.068845e-14
17 1.403005e-02 1.505010e-15
16 1.521706e-02 -5.699511e-16
15 1.659402e-02 -2.417305e-16
1000 6.765023e-05 1.251289e-01
100 1.357724e-03 1.063234e-01
65 2.385318e-03 1.057731e-01
50 3.364946e-03 9.152114e-02
40 4.512072e-03 7.547742e-02
30 6.594110e-03 6.469415e-02
26 7.968958e-03 5.323909e-02
23 9.376545e-03 3.894237e-02
20 1.129275e-02 1.169269e-02
18 1.299754e-02 -4.216604e-14
17 1.403005e-02 1.478223e-15
16 1.521706e-02 -5.716141e-16
15 1.659402e-02 -2.445127e-16
1000 6.765023e-05 1.316841e-01
100 1.357724e-03 1.095290e-01
65 2.385318e-03 9.056545e-02
50 3.364946e-03 9.740202e-02
40 4.512072e-03 8.212147e-02
30 6.594110e-03 6.446278e-02
26 7.968958e-03 5.194867e-02
23 9.376545e-03 3.832490e-02
20 1.129275e-02 1.171066e-02
18 1.299754e-02 -4.223893e-14
17 1.403005e-02 1.579613e-15
16 1.521706e-02 -5.756278e-16
15 1.659402e-02 -2.363590e-16
1000 6.765023e-05 1.243238e-01
100 1.357724e-03 1.035902e-01
65 2.385318e-03 9.164074e-02
50 3.364946e-03 8.754710e-02
40 4.512072e-03 7.977415e-02
30 6.594110e-03 6.685200e-02
26 7.968958e-03 5.129042e-02
23 9.376545e-03 3.898485e-02
20 1.129275e-02 1.110968e-02
18 1.299754e-02 -4.154201e-14
17 1.403005e-02 1.604995e-15
16 1.521706e-02 -5.759076e-16
15 1.659402e-02 -2.438098e-16
1000 6.765023e-05 1.273552e-01
100 1.357724e-03 1.004505e-01
65 2.385318e-03 9.719595e-02
50 3.364946e-03 9.020091e-02
40 4.512072e-03 8.321371e-02
30 6.594110e-03 6.470711e-02
26 7.968958e-03 5.561532e-02
23 9.376545e-03 3.780354e-02
20 1.129275e-02 1.083697e-02
18 1.299754e-02 -4.041983e-14
17 1.403005e-02 1.490060e-15
16 1.521706e-02 -5.521599e-16
15 1.659402e-02 -2.470170e-16
1000 6.765023e-05 1.276990e-01
100 1.357724e-03 1.091632e-01
65 2.385318e-03 9.836364e-02
50 3.364946e-03 8.651518e-02
40 4.512072e-03 7.827448e-02
30 6.594110e-03 6.881631e-02
26 7.968958e-03 5.219253e-02
23 9.376545e-03 3.707060e-02
20 1.129275e-02 1.140256e-02
18 1.299754e-02 -4.187336e-14
17 1.403005e-02 1.627147e-15
16 1.521706e-02 -5.580283e-16
15 1.659402e-02 -2.517784e-16
1000 6.765023e-05 1.163123e-01
100 1.357724e-03 1.065721e-01
65 2.385318e-03 9.537339e-02
50 3.364946e-03 9.205621e-02
40 4.512072e-03 8.536601e-02
30 6.594110e-03 6.875485e-02
26 7.968958e-03 5.368289e-02
23 9.376545e-03 3.438570e-02
20 1.129275e-02 1.049891e-02
18 1.299754e-02 -4.024706e-14
17 1.403005e-02 1.485495e-15
16 1.521706e-02 -5.644024e-16
15 1.659402e-02 -2.554155e-16
1000 6.765023e-05 1.321321e-01
100 1.357724e-03 1.145727e-01
65 2.385318e-03 1.002828e-01
50 3.364946e-03 8.959369e-02
40 4.512072e-03 7.925215e-02
30 6.594110e-03 6.398029e-02
26 7.968958e-03 5.559452e-02
23 9.376545e-03 3.830896e-02
20 1.129275e-02 1.128578e-02
18 1.299754e-02 -4.222132e-14
17 1.403005e-02 1.535312e-15
16 1.521706e-02 -5.677968e-16
15 1.659402e-02 -2.605458e-16
1000 6.765023e-05 1.209290e-01
100 1.357724e-03 1.018108e-01
65 2.385318e-03 1.003202e-01
50 3.364946e-03 8.778436e-02
40 4.512072e-03 8.508009e-02
30 6.594110e-03 6.563991e-02
26 7.968958e-03 5.675411e-02
23 9.376545e-03 3.925617e-02
20 1.129275e-02 1.148924e-02
18 1.299754e-02 -4.243030e-14
17 1.403005e-02 1.491449e-15
16 1.521706e-02 -5.713822e-16
15 1.659402e-02 -2.553714e-16
1000 6.765023e-05 1.160234e-01
100 1.357724e-03 1.020174e-01
65 2.385318e-03 1.004306e-01
50 3.364946e-03 8.736730e-02
40 4.512072e-03 8.290591e-02
30 6.594110e-03 6.528403e-02
26 7.968958e-03 5.035935e-02
23 9.376545e-03 3.714104e-02
20 1.129275e-02 1.122491e-02
18 1.299754e-02 -4.284503e-14
17 1.403005e-02 1.534281e-15
16 1.521706e-02 -5.883683e-16
15 1.659402e-02 -2.597815e-16
1000 6.765023e-05 1.351026e-01
100 1.357724e-03 9.799897e-02
65 2.385318e-03 9.291759e-02
50 3.364946e-03 8.803954e-02
40 4.512072e-03 7.787079e-02
30 6.594110e-03 6.426333e-02
26 7.968958e-03 5.233656e-02
23 9.376545e-03 3.816278e-02
20 1.129275e-02 1.116750e-02
18 1.299754e-02 -4.090929e-14
17 1.403005e-02 1.574616e-15
16 1.521706e-02 -5.606816e-16
15 1.659402e-02 -2.594881e-16
1000 6.765023e-05 1.285469e-01
100 1.357724e-03 9.605223e-02
65 2.385318e-03 9.835832e-02
50 3.364946e-03 8.851759e-02
40 4.512072e-03 7.930166e-02
30 6.594110e-03 6.990584e-02
26 7.968958e-03 5.293582e-02
23 9.376545e-03 3.688274e-02
20 1.129275e-02 1.115450e-02
18 1.299754e-02 -4.211160e-14
17 1.403005e-02 1.589880e-15
16 1.521706e-02 -5.576485e-16
15 1.659402e-02 -2.523630e-16
1000 6.765023e-05 1.160229e-01
100 1.357724e-03 1.102552e-01
65 2.385318e-03 9.460582e-02
50 3.364946e-03 9.191188e-02
40 4.512072e-03 8.620237e-02
30 6.594110e-03 6.793797e-02
26 7.968958e-03 5.352749e-02
23 9.376545e-03 3.920227e-02
20 1.129275e-02 1.098773e-02
18 1.299754e-02 -4.369497e-14
17 1.403005e-02 1.535836e-15
16 1.521706e-02 -5.642113e-16
15 1.659402e-02 -2.505525e-16
1000 6.765023e-05 1.202507e-01
100 1.357724e-03 1.069677e-01
65 2.385318e-03 9.796407e-02
50 3.364946e-03 8.618758e-02
40 4.512072e-03 8.504522e-02
30 6.594110e-03 6.960559e-02
26 7.968958e-03 5.394446e-02
23 9.376545e-03 3.936990e-02
20 1.129275e-02 1.121364e-02
18 1.299754e-02 -4.067374e-14
17 1.403005e-02 1.540858e-15
16 1.521706e-02 -5.591568e-16
15 1.659402e-02 -2.465252e-16
1000 6.765023e-05 1.349496e-01
100 1.357724e-03 1.015770e-01
65 2.385318e-03 9.907297e-02
50 3.364946e-03 8.267331e-02
40 4.512072e-03 8.021094e-02
30 6.594110e-03 6.867935e-02
26 7.968958e-03 5.285732e-02
23 9.376545e-03 3.723874e-02
20 1.129275e-02 1.142582e-02
18 1.299754e-02 -3.949667e-14
17 1.403005e-02 1.522913e-15
16 1.521706e-02 -5.553174e-16
15 1.659402e-02 -2.530945e-16
1000 6.765023e-05 1.232799e-01
100 1.357724e-03 1.083337e-01
65 2.385318e-03 9.663480e-02
50 3.364946e-03 9.269068e-02
40 4.512072e-03 8.138552e-02
30 6.594110e-03 6.523283e-02
26 7.968958e-03 5.342078e-02
23 9.376545e-03 3.793072e-02
20 1.129275e-02 1.093660e-02
18 1.299754e-02 -4.155933e-14
17 1.403005e-02 1.562904e-15
16 1.521706e-02 -5.572630e-16
15 1.659402e-02 -2.519306e-16
1000 6.765023e-05 1.142857e-01
100 1.357724e-03 9.424793e-02
65 2.385318e-03 9.586585e-02
50 3.364946e-03 9.189991e-02
40 4.512072e-03 8.217478e-02
30 6.594110e-03 6.560901e-02
26 7.968958e-03 5.308323e-02
23 9.376545e-03 3.629073e-02
20 1.129275e-02 1.081617e-02
18 1.299754e-02 -4.205768e-14
17 1.403005e-02 1.521437e-15
16 1.521706e-02 -5.731955e-16
15 1.659402e-02 -2.479772e-16
1000 6.765023e-05 1.250666e-01
100 1.357724e-03 1.082303e-01
65 2.385318e-03 9.459065e-02
50 3.364946e-03 8.977320e-02
40 4.512072e-03 8.373804e-02
30 6.594110e-03 6.347091e-02
26 7.968958e-03 5.619316e-02
23 9.376545e-03 3.797070e-02
20 1.129275e-02 1.105334e-02
18 1.299754e-02 -4.313556e-14
17 1.403005e-02 1.497882e-15
16 1.521706e-02 -5.795933e-16
15 1.659402e-02 -2.557132e-16
1000 6.765023e-05 1.211850e-01
100 1.357724e-03 1.015672e-01
65 2.385318e-03 9.762945e-02
50 3.364946e-03 9.536166e-02
40 4.512072e-03 8.043006e-02
30 6.594110e-03 6.418760e-02
26 7.968958e-03 5.313697e-02
23 9.376545e-03 4.039150e-02
20 1.129275e-02 1.149072e-02
18 1.299754e-02 -4.179178e-14
17 1.403005e-02 1.643867e-15
16 1.521706e-02 -5.703754e-16
15 1.659402e-02 -2.473637e-16
1000 6.765023e-05 1.236848e-01
100 1.357724e-03 1.115187e-01
65 2.385318e-03 9.410748e-02
50 3.364946e-03 8.748701e-02
40 4.512072e-03 8.391104e-02
30 6.594110e-03 6.610482e-02
26 7.968958e-03 5.260487e-02
23 9.376545e-03 4.073912e-02
20 1.129275e-02 1.188874e-02
18 1.299754e-02 -4.138306e-14
17 1.403005e-02 1.498829e-15
16 1.521706e-02 -5.511256e-16
15 1.659402e-02 -2.654634e-16
1000 6.765023e-05 1.174744e-01
100 1.357724e-03 1.070506e-01
65 2.385318e-03 9.276918e-02
50 3.364946e-03 8.298243e-02
40 4.512072e-03 7.974530e-02
30 6.594110e-03 6.513577e-02
26 7.968958e-03 5.558314e-02
23 9.376545e-03 3.823725e-02
20 1.129275e-02 1.105146e-02
18 1.299754e-02 -4.272320e-14
17 1.403005e-02 1.534832e-15
16 1.521706e-02 -5.572522e-16
15 1.659402e-02 -2.496769e-16
1000 6.765023e-05 1.211539e-01
100 1.357724e-03 1.078549e-01
65 2.385318e-03 1.095095e-01
50 3.364946e-03 9.684928e-02
40 4.512072e-03 7.884005e-02
30 6.594110e-03 6.471403e-02
26 7.968958e-03 5.047250e-02
23 9.376545e-03 3.849464e-02
20 1.129275e-02 1.175883e-02
18 1.299754e-02 -4.163744e-14
17 1.403005e-02 1.568081e-15
16 1.521706e-02 -5.847073e-16
15 1.659402e-02 -2.458831e-16
1000 6.765023e-05 1.223228e-01
100 1.357724e-03 1.124187e-01
65 2.385318e-03 1.032626e-01
50 3.364946e-03 9.311866e-02
40 4.512072e-03 8.162840e-02
30 6.594110e-03 6.548604e-02
26 7.968958e-03 5.356871e-02
23 9.376545e-03 3.762193e-02
20 1.129275e-02 1.097776e-02
18 1.299754e-02 -4.128799e-14
17 1.403005e-02 1.549181e-15
16 1.521706e-02 -5.612822e-16
15 1.659402e-02 -2.663351e-16
1000 6.765023e-05 1.125080e-01
100 1.357724e-03 1.074292e-01
65 2.385318e-03 1.029093e-01
50 3.364946e-03 8.750022e-02
40 4.512072e-03 8.566635e-02
30 6.594110e-03 6.878806e-02
26 7.968958e-03 4.977551e-02
23 9.376545e-03 3.837036e-02
20 1.129275e-02 1.100321e-02
18 1.299754e-02 -4.225662e-14
17 1.403005e-02 1.495256e-15
16 1.521706e-02 -5.861642e-16
15 1.659402e-02 -2.502711e-16
1000 6.765023e-05 1.169784e-01
100 1.357724e-03 1.016993e-01
65 2.385318e-03 9.936335e-02
50 3.364946e-03 8.855204e-02
40 4.512072e-03 7.833649e-02
30 6.594110e-03 6.409482e-02
26 7.968958e-03 5.090467e-02
23 9.376545e-03 3.950277e-02
20 1.129275e-02 1.161563e-02
18 1.299754e-02 -4.123576e-14
17 1.403005e-02 1.464411e-15
16 1.521706e-02 -5.788659e-16
15 1.659402e-02 -2.534962e-16
1000 6.765023e-05 1.273477e-01
100 1.357724e-03 1.106997e-01
65 2.385318e-03 9.696804e-02
50 3.364946e-03 9.484131e-02
40 4.512072e-03 7.684128e-02
30 6.594110e-03 6.358993e-02
26 7.968958e-03 5.241374e-02
23 9.376545e-03 3.680526e-02
20 1.129275e-02 1.135273e-02
18 1.299754e-02 -4.379694e-14
17 1.403005e-02 1.472594e-15
16 1.521706e-02 -5.433214e-16
15 1.659402e-02 -2.473633e-16
1000 6.765023e-05 1.156396e-01
100 1.357724e-03 1.030876e-01
65 2.385318e-03 9.311099e-02
50 3.364946e-03 9.050734e-02
40 4.512072e-03 8.106009e-02
30 6.594110e-03 6.453748e-02
26 7.968958e-03 5.345286e-02
23 9.376545e-03 3.953970e-02
20 1.129275e-02 1.164144e-02
18 1.299754e-02 -4.102317e-14
17 1.403005e-02 1.480578e-15
16 1.521706e-02 -5.391580e-16
15 1.659402e-02 -2.489252e-16
1000 6.765023e-05 1.168709e-01
100 1.357724e-03 1.035017e-01
65 2.385318e-03 1.016497e-01
50 3.364946e-03 8.797588e-02
40 4.512072e-03 8.168633e-02
30 6.594110e-03 6.253633e-02
26 7.968958e-03 5.552691e-02
23 9.376545e-03 3.867665e-02
20 1.129275e-02 1.099726e-02
18 1.299754e-02 -4.167984e-14
17 1.403005e-02 1.607026e-15
16 1.521706e-02 -5.739348e-16
15 1.659402e-02 -2.470398e-16
1000 6.765023e-05 1.251898e-01
100 1.357724e-03 1.037433e-01
65 2.385318e-03 9.510331e-02
50 3.364946e-03 8.914802e-02
40 4.512072e-03 8.746523e-02
30 6.594110e-03 6.677018e-02
26 7.968958e-03 5.745405e-02
23 9.376545e-03 3.494747e-02
20 1.129275e-02 1.158707e-02
18 1.299754e-02 -3.865850e-14
17 1.403005e-02 1.521633e-15
16 1.521706e-02 -5.623252e-16
15 1.659402e-02 -2.460276e-16
1000 6.765023e-05 1.254182e-01
100 1.357724e-03 1.076066e-01
65 2.385318e-03 9.700975e-02
50 3.364946e-03 8.999408e-02
40 4.512072e-03 8.180563e-02
30 6.594110e-03 6.247100e-02
26 7.968958e-03 5.098330e-02
23 9.376545e-03 3.893846e-02
20 1.129275e-02 1.162390e-02
18 1.299754e-02 -4.246872e-14
17 1.403005e-02 1.580487e-15
16 1.521706e-02 -5.683751e-16
15 1.659402e-02 -2.457574e-16
1000 6.765023e-05 1.238080e-01
100 1.357724e-03 1.040764e-01
65 2.385318e-03 9.152045e-02
50 3.364946e-03 8.769668e-02
40 4.512072e-03 8.203832e-02
30 6.594110e-03 6.263409e-02
26 7.968958e-03 5.171993e-02
23 9.376545e-03 3.768236e-02
20 1.129275e-02 1.110215e-02
18 1.299754e-02 -4.217095e-14
17 1.403005e-02 1.526653e-15
16 1.521706e-02 -5.836762e-16
15 1.659402e-02 -2.617179e-16
1000 6.765023e-05 1.299668e-01
100 1.357724e-03 1.125300e-01
65 2.385318e-03 8.920074e-02
50 3.364946e-03 8.247222e-02
40 4.512072e-03 8.213341e-02
30 6.594110e-03 6.544491e-02
26 7.968958e-03 5.495100e-02
23 9.376545e-03 3.754504e-02
20 1.129275e-02 1.131244e-02
18 1.299754e-02 -4.105249e-14
17 1.403005e-02 1.532399e-15
16 1.521706e-02 -5.528164e-16
15 1.659402e-02 -2.379850e-16
1000 6.765023e-05 1.141223e-01
100 1.357724e-03 9.966590e-02
65 2.385318e-03 1.015923e-01
50 3.364946e-03 8.955365e-02
40 4.512072e-03 7.937292e-02
30 6.594110e-03 6.384257e-02
26 7.968958e-03 5.383255e-02
23 9.376545e-03 3.723502e-02
20 1.129275e-02 1.124793e-02
18 1.299754e-02 -4.137839e-14
17 1.403005e-02 1.570810e-15
16 1.521706e-02 -5.527659e-16
15 1.659402e-02 -2.509419e-16
1000 6.765023e-05 1.232446e-01
100 1.357724e-03 1.105433e-01
65 2.385318e-03 1.052634e-01
50 3.364946e-03 9.319129e-02
40 4.512072e-03 8.282590e-02
30 6.594110e-03 6.547011e-02
26 7.968958e-03 5.392389e-02
23 9.376545e-03 3.623410e-02
20 1.129275e-02 1.133114e-02
18 1.299754e-02 -3.990681e-14
17 1.403005e-02 1.594144e-15
16 1.521706e-02 -5.535575e-16
15 1.659402e-02 -2.473662e-16
1000 6.765023e-05 1.233480e-01
100 1.357724e-03 1.050757e-01
65 2.385318e-03 9.720634e-02
50 3.364946e-03 9.903726e-02
40 4.512072e-03 8.450639e-02
30 6.594110e-03 6.764929e-02
26 7.968958e-03 5.305688e-02
23 9.376545e-03 3.845414e-02
20 1.129275e-02 1.138659e-02
18 1.299754e-02 -4.161487e-14
17 1.403005e-02 1.508720e-15
16 1.521706e-02 -5.723842e-16
15 1.659402e-02 -2.498242e-16
1000 6.765023e-05 1.186815e-01
100 1.357724e-03 1.024486e-01
65 2.385318e-03 1.000103e-01
50 3.364946e-03 8.567724e-02
40 4.512072e-03 8.024074e-02
30 6.594110e-03 6.546801e-02
26 7.968958e-03 5.377319e-02
23 9.376545e-03 3.819104e-02
20 1.129275e-02 1.103316e-02
18 1.299754e-02 -4.017079e-14
17 1.403005e-02 1.557867e-15
16 1.521706e-02 -5.683731e-16
15 1.659402e-02 -2.547842e-16
1000 6.765023e-05 1.176128e-01
100 1.357724e-03 1.056389e-01
65 2.385318e-03 8.969343e-02
50 3.364946e-03 8.637912e-02
40 4.512072e-03 7.915209e-02
30 6.594110e-03 6.427872e-02
26 7.968958e-03 5.389982e-02
23 9.376545e-03 3.664944e-02
20 1.129275e-02 1.132150e-02
18 1.299754e-02 -4.274788e-14
17 1.403005e-02 1.532146e-15
16 1.521706e-02 -5.486596e-16
15 1.659402e-02 -2.588874e-16
1000 6.765023e-05 1.227911e-01
100 1.357724e-03 9.973512e-02
65 2.385318e-03 1.045633e-01
50 3.364946e-03 8.546871e-02
40 4.512072e-03 8.049606e-02
30 6.594110e-03 6.758835e-02
26 7.968958e-03 5.454614e-02
23 9.376545e-03 3.774229e-02
20 1.129275e-02 1.106161e-02
18 1.299754e-02 -4.253129e-14
17 1.403005e-02 1.531068e-15
16 1.521706e-02 -5.699966e-16
15 1.659402e-02 -2.418594e-16
1000 6.765023e-05 1.184412e-01
100 1.357724e-03 1.079841e-01
65 2.385318e-03 9.698017e-02
50 3.364946e-03 9.067652e-02
40 4.512072e-03 8.166473e-02
30 6.594110e-03 6.171335e-02
26 7.968958e-03 5.422032e-02
23 9.376545e-03 3.946773e-02
20 1.129275e-02 1.152039e-02
18 1.299754e-02 -4.306278e-14
17 1.403005e-02 1.537360e-15
16 1.521706e-02 -5.546670e-16
15 1.659402e-02 -2.645759e-16
1000 6.765023e-05 1.147875e-01
100 1.357724e-03 1.079366e-01
65 2.385318e-03 1.014952e-01
50 3.364946e-03 8.569360e-02
40 4.512072e-03 7.991111e-02
30 6.594110e-03 6.211288e-02
26 7.968958e-03 5.621464e-02
23 9.376545e-03 3.721442e-02
20 1.129275e-02 1.178664e-02
18 1.299754e-02 -4.143469e-14
17 1.403005e-02 1.513036e-15
16 1.521706e-02 -5.465424e-16
15 1.659402e-02 -2.509854e-16
1000 6.765023e-05 1.180016e-01
100 1.357724e-03 1.077765e-01
65 2.385318e-03 9.989989e-02
50 3.364946e-03 8.924370e-02
40 4.512072e-03 8.271035e-02
30 6.594110e-03 6.562800e-02
26 7.968958e-03 5.249528e-02
23 9.376545e-03 3.748539e-02
20 1.129275e-02 1.145644e-02
18 1.299754e-02 -4.222871e-14
17 1.403005e-02 1.512847e-15
16 1.521706e-02 -5.835740e-16
15 1.659402e-02 -2.607209e-16
1000 6.765023e-05 1.237081e-01
100 1.357724e-03 1.012591e-01
65 2.385318e-03 1.007918e-01
50 3.364946e-03 8.700297e-02
40 4.512072e-03 8.008962e-02
30 6.594110e-03 6.423366e-02
26 7.968958e-03 5.336004e-02
23 9.376545e-03 3.925644e-02
20 1.129275e-02 1.114887e-02
18 1.299754e-02 -4.161598e-14
17 1.403005e-02 1.519980e-15
16 1.521706e-02 -5.662585e-16
15 1.659402e-02 -2.418912e-16
1000 6.765023e-05 1.228432e-01
100 1.357724e-03 1.010006e-01
65 2.385318e-03 9.630600e-02
50 3.364946e-03 8.949609e-02
40 4.512072e-03 8.245620e-02
30 6.594110e-03 6.437325e-02
26 7.968958e-03 5.098465e-02
23 9.376545e-03 3.927812e-02
20 1.129275e-02 1.106797e-02
18 1.299754e-02 -3.912164e-14
17 1.403005e-02 1.463080e-15
16 1.521706e-02 -5.617445e-16
15 1.659402e-02 -2.605236e-16
1000 6.765023e-05 1.205344e-01
100 1.357724e-03 1.014429e-01
65 2.385318e-03 9.812134e-02
50 3.364946e-03 9.335703e-02
40 4.512072e-03 8.511763e-02
30 6.594110e-03 6.351963e-02
26 7.968958e-03 5.217051e-02
23 9.376545e-03 3.632609e-02
20 1.129275e-02 1.115550e-02
18 1.299754e-02 -4.184097e-14
17 1.403005e-02 1.464948e-15
16 1.521706e-02 -5.658087e-16
15 1.659402e-02 -2.631151e-16
1000 6.765023e-05 1.197369e-01
100 1.357724e-03 1.107025e-01
65 2.385318e-03 9.033031e-02
50 3.364946e-03 9.260353e-02
40 4.512072e-03 8.253307e-02
30 6.594110e-03 6.835955e-02
26 7.968958e-03 5.381244e-02
23 9.376545e-03 3.736126e-02
20 1.129275e-02 1.109745e-02
18 1.299754e-02 -4.256824e-14
17 1.403005e-02 1.567381e-15
16 1.521706e-02 -5.747534e-16
15 1.659402e-02 -2.551600e-16
1000 6.765023e-05 1.251823e-01
100 1.357724e-03 1.002812e-01
65 2.385318e-03 9.307330e-02
50 3.364946e-03 9.330033e-02
40 4.512072e-03 8.926101e-02
30 6.594110e-03 6.600718e-02
26 7.968958e-03 5.324279e-02
23 9.376545e-03 3.740366e-02
20 1.129275e-02 1.179319e-02
18 1.299754e-02 -4.058214e-14
17 1.403005e-02 1.466217e-15
16 1.521706e-02 -5.727332e-16
15 1.659402e-02 -2.612814e-16
1000 6.765023e-05 1.203755e-01
100 1.357724e-03 1.094231e-01
65 2.385318e-03 1.001097e-01
50 3.364946e-03 9.546790e-02
40 4.512072e-03 7.953012e-02
30 6.594110e-03 5.994812e-02
26 7.968958e-03 5.421241e-02
23 9.376545e-03 3.678048e-02
20 1.129275e-02 1.097867e-02
18 1.299754e-02 -4.057452e-14
17 1.403005e-02 1.539883e-15
16 1.521706e-02 -5.748568e-16
15 1.659402e-02 -2.493640e-16
1000 6.765023e-05 1.299075e-01
100 1.357724e-03 1.063432e-01
65 2.385318e-03 9.191413e-02
50 3.364946e-03 9.527804e-02
40 4.512072e-03 8.059701e-02
30 6.594110e-03 6.599737e-02
26 7.968958e-03 5.369943e-02
23 9.376545e-03 3.900062e-02
20 1.129275e-02 1.092393e-02
18 1.299754e-02 -3.988263e-14
17 1.403005e-02 1.524197e-15
16 1.521706e-02 -5.604426e-16
15 1.659402e-02 -2.512217e-16
1000 6.765023e-05 1.263046e-01
100 1.357724e-03 1.023123e-01
65 2.385318e-03 9.332166e-02
50 3.364946e-03 9.242418e-02
40 4.512072e-03 8.507382e-02
30 6.594110e-03 6.738154e-02
26 7.968958e-03 5.187740e-02
23 9.376545e-03 3.887447e-02
20 1.129275e-02 1.080852e-02
18 1.299754e-02 -4.192063e-14
17 1.403005e-02 1.513290e-15
16 1.521706e-02 -5.666951e-16
15 1.659402e-02 -2.504530e-16
1000 6.765023e-05 1.287643e-01
100 1.357724e-03 1.150048e-01
65 2.385318e-03 9.458576e-02
50 3.364946e-03 8.991162e-02
40 4.512072e-03 8.325931e-02
30 6.594110e-03 6.685753e-02
26 7.968958e-03 4.908730e-02
23 9.376545e-03 3.886733e-02
20 1.129275e-02 1.108432e-02
18 1.299754e-02 -4.278453e-14
17 1.403005e-02 1.524464e-15
16 1.521706e-02 -5.870342e-16
15 1.659402e-02 -2.519331e-16
1000 6.765023e-05 1.232055e-01
100 1.357724e-03 1.149491e-01
65 2.385318e-03 9.727703e-02
50 3.364946e-03 9.155095e-02
40 4.512072e-03 8.340442e-02
30 6.594110e-03 6.639712e-02
26 7.968958e-03 5.613163e-02
23 9.376545e-03 3.858724e-02
20 1.129275e-02 1.099615e-02
18 1.299754e-02 -4.036583e-14
17 1.403005e-02 1.514778e-15
16 1.521706e-02 -5.640297e-16
15 1.659402e-02 -2.529428e-16
1000 6.765023e-05 1.282183e-01
100 1.357724e-03 1.001280e-01
65 2.385318e-03 9.861192e-02
50 3.364946e-03 9.511620e-02
40 4.512072e-03 7.940740e-02
30 6.594110e-03 6.386504e-02
26 7.968958e-03 5.285068e-02
23 9.376545e-03 3.679055e-02
20 1.129275e-02 1.104811e-02
18 1.299754e-02 -4.357580e-14
17 1.403005e-02 1.616182e-15
16 1.521706e-02 -5.686629e-16
15 1.659402e-02 -2.620910e-16
1000 6.765023e-05 1.225421e-01
100 1.357724e-03 9.597773e-02
65 2.385318e-03 9.334650e-02
50 3.364946e-03 8.307588e-02
40 4.512072e-03 7.899348e-02
30 6.594110e-03 6.356421e-02
26 7.968958e-03 5.466703e-02
23 9.376545e-03 3.745875e-02
20 1.129275e-02 1.121742e-02
18 1.299754e-02 -4.062835e-14
17 1.403005e-02 1.584039e-15
16 1.521706e-02 -5.885138e-16
15 1.659402e-02 -2.553067e-16
1000 6.765023e-05 1.205730e-01
100 1.357724e-03 1.085254e-01
65 2.385318e-03 9.502884e-02
50 3.364946e-03 9.025506e-02
40 4.512072e-03 8.044417e-02
30 6.594110e-03 6.390435e-02
26 7.968958e-03 5.321075e-02
23 9.376545e-03 3.643441e-02
20 1.129275e-02 1.178079e-02
18 1.299754e-02 -4.466945e-14
17 1.403005e-02 1.492276e-15
16 1.521706e-02 -5.747401e-16
15 1.659402e-02 -2.525799e-16
1000 6.765023e-05 1.286141e-01
100 1.357724e-03 1.094037e-01
65 2.385318e-03 8.954182e-02
50 3.364946e-03 9.223589e-02
40 4.512072e-03 7.766252e-02
30 6.594110e-03 6.276206e-02
26 7.968958e-03 5.187051e-02
23 9.376545e-03 3.669907e-02
20 1.129275e-02 1.124876e-02
18 1.299754e-02 -4.099485e-14
17 1.403005e-02 1.468794e-15
16 1.521706e-02 -5.685630e-16
15 1.659402e-02 -2.574815e-16
1000 6.765023e-05 1.399822e-01
100 1.357724e-03 1.009935e-01
65 2.385318e-03 1.009383e-01
50 3.364946e-03 8.590143e-02
40 4.512072e-03 8.179744e-02
30 6.594110e-03 6.524093e-02
26 7.968958e-03 5.337479e-02
23 9.376545e-03 3.889943e-02
20 1.129275e-02 1.145612e-02
18 1.299754e-02 -4.196653e-14
17 1.403005e-02 1.507428e-15
16 1.521706e-02 -5.676712e-16
15 1.659402e-02 -2.454868e-16
1000 6.765023e-05 1.192837e-01
100 1.357724e-03 9.823711e-02
65 2.385318e-03 9.660271e-02
50 3.364946e-03 8.704400e-02
40 4.512072e-03 7.561789e-02
30 6.594110e-03 6.450471e-02
26 7.968958e-03 5.170917e-02
23 9.376545e-03 3.652304e-02
20 1.129275e-02 1.145258e-02
18 1.299754e-02 -4.092274e-14
17 1.403005e-02 1.568686e-15
16 1.521706e-02 -5.869512e-16
15 1.659402e-02 -2.623014e-16
1000 6.765023e-05 1.339033e-01
100 1.357724e-03 1.099046e-01
65 2.385318e-03 9.637320e-02
50 3.364946e-03 8.518409e-02
40 4.512072e-03 7.883737e-02
30 6.594110e-03 6.674302e-02
26 7.968958e-03 4.952274e-02
23 9.376545e-03 3.846827e-02
20 1.129275e-02 1.100329e-02
18 1.299754e-02 -4.044917e-14
17 1.403005e-02 1.576611e-15
16 1.521706e-02 -5.487918e-16
15 1.659402e-02 -2.695025e-16
