# k_step gamma S_color
1000 1.572707e-05 6.022755e-02
100 5.007036e-04 5.998769e-02
65 9.593262e-04 5.066817e-02
50 1.426878e-03 4.933175e-02
40 2.001627e-03 3.932518e-02
30 3.101068e-03 3.607792e-02
26 3.858403e-03 2.723484e-02
23 4.654944e-03 1.576452e-02
20 5.768886e-03 2.001154e-06
18 6.784906e-03 4.221517e-15
17 7.410498e-03 8.333031e-16
16 8.138468e-03 -1.369337e-15
15 8.993899e-03 -1.388834e-15
1000 1.572707e-05 5.542862e-02
100 5.007036e-04 5.263890e-02
65 9.593262e-04 5.163846e-02
50 1.426878e-03 4.785285e-02
40 2.001627e-03 4.298156e-02
30 3.101068e-03 3.479131e-02
26 3.858403e-03 2.633755e-02
23 4.654944e-03 1.743911e-02
20 5.768886e-03 2.047241e-06
18 6.784906e-03 4.230381e-15
17 7.410498e-03 8.513788e-16
16 8.138468e-03 -1.407000e-15
15 8.993899e-03 -1.400322e-15
1000 1.572707e-05 6.033411e-02
100 5.007036e-04 6.268873e-02
65 9.593262e-04 4.745701e-02
50 1.426878e-03 4.281186e-02
40 2.001627e-03 4.176805e-02
30 3.101068e-03 3.456095e-02
26 3.858403e-03 2.794208e-02
23 4.654944e-03 1.636650e-02
20 5.768886e-03 1.871418e-06
18 6.784906e-03 4.221632e-15
17 7.410498e-03 8.626358e-16
16 8.138468e-03 -1.332367e-15
15 8.993899e-03 -1.273694e-15
1000 1.572707e-05 6.314887e-02
100 5.007036e-04 5.433727e-02
65 9.593262e-04 4.604896e-02
50 1.426878e-03 4.545794e-02
40 2.001627e-03 4.312295e-02
30 3.101068e-03 3.266182e-02
26 3.858403e-03 2.596369e-02
23 4.654944e-03 1.784469e-02
20 5.768886e-03 2.051182e-06
18 6.784906e-03 4.205091e-15
17 7.410498e-03 8.629189e-16
16 8.138468e-03 -1.435268e-15
15 8.993899e-03 -1.302579e-15
1000 1.572707e-05 6.773424e-02
100 5.007036e-04 5.471847e-02
65 9.593262e-04 4.975919e-02
50 1.426878e-03 5.170165e-02
40 2.001627e-03 4.062778e-02
30 3.101068e-03 3.222904e-02
26 3.858403e-03 2.467669e-02
23 4.654944e-03 1.807174e-02
20 5.768886e-03 1.985825e-06
18 6.784906e-03 4.034231e-15
17 7.410498e-03 8.572126e-16
16 8.138468e-03 -1.372376e-15
15 8.993899e-03 -1.402657e-15
1000 1.572707e-05 6.052156e-02
100 5.007036e-04 4.808494e-02
65 9.593262e-04 5.032434e-02
50 1.426878e-03 4.646680e-02
40 2.001627e-03 4.498484e-02
30 3.101068e-03 3.263578e-02
26 3.858403e-03 2.565311e-02
23 4.654944e-03 1.601212e-02
20 5.768886e-03 2.026121e-06
18 6.784906e-03 4.207482e-15
17 7.410498e-03 8.563711e-16
16 8.138468e-03 -1.391126e-15
15 8.993899e-03 -1.448533e-15
1000 1.572707e-05 5.919413e-02
100 5.007036e-04 5.379092e-02
65 9.593262e-04 5.167757e-02
50 1.426878e-03 4.881108e-02
40 2.001627e-03 3.905506e-02
30 3.101068e-03 3.404522e-02
26 3.858403e-03 2.376945e-02
23 4.654944e-03 1.723170e-02
20 5.768886e-03 1.987480e-06
18 6.784906e-03 4.255138e-15
17 7.410498e-03 8.026166e-16
16 8.138468e-03 -1.288673e-15
15 8.993899e-03 -1.370511e-15
1000 1.572707e-05 6.077624e-02
100 5.007036e-04 5.078279e-02
65 9.593262e-04 4.782326e-02
50 1.426878e-03 5.136896e-02
40 2.001627e-03 4.099975e-02
30 3.101068e-03 3.523203e-02
26 3.858403e-03 2.388617e-02
23 4.654944e-03 1.639010e-02
20 5.768886e-03 1.982322e-06
18 6.784906e-03 4.003999e-15
17 7.410498e-03 8.553292e-16
16 8.138468e-03 -1.329188e-15
15 8.993899e-03 -1.410494e-15
1000 1.572707e-05 6.232389e-02
100 5.007036e-04 5.934158e-02
65 9.593262e-04 4.553114e-02
50 1.426878e-03 4.595688e-02
40 2.001627e-03 4.475715e-02
30 3.101068e-03 3.386349e-02
26 3.858403e-03 2.820535e-02
23 4.654944e-03 1.692648e-02
20 5.768886e-03 2.040947e-06
18 6.784906e-03 3.881491e-15
17 7.410498e-03 8.202695e-16
16 8.138468e-03 -1.302396e-15
15 8.993899e-03 -1.385241e-15
1000 1.572707e-05 6.497457e-02
100 5.007036e-04 5.450106e-02
65 9.593262e-04 4.588780e-02
50 1.426878e-03 4.747129e-02
40 2.001627e-03 4.225315e-02
30 3.101068e-03 3.152703e-02
26 3.858403e-03 2.584909e-02
23 4.654944e-03 1.650307e-02
20 5.768886e-03 1.936001e-06
18 6.784906e-03 4.038994e-15
17 7.410498e-03 8.290017e-16
16 8.138468e-03 -1.296542e-15
15 8.993899e-03 -1.412150e-15
1000 1.572707e-05 5.865585e-02
100 5.007036e-04 5.445423e-02
65 9.593262e-04 5.470890e-02
50 1.426878e-03 4.753420e-02
40 2.001627e-03 4.772921e-02
30 3.101068e-03 3.352845e-02
26 3.858403e-03 2.495520e-02
23 4.654944e-03 1.567480e-02
20 5.768886e-03 2.016298e-06
18 6.784906e-03 4.365796e-15
17 7.410498e-03 8.551064e-16
16 8.138468e-03 -1.376990e-15
15 8.993899e-03 -1.319709e-15
1000 1.572707e-05 5.939398e-02
100 5.007036e-04 5.055085e-02
65 9.593262e-04 5.369322e-02
50 1.426878e-03 4.825478e-02
40 2.001627e-03 3.960094e-02
30 3.101068e-03 3.366427e-02
26 3.858403e-03 2.550166e-02
23 4.654944e-03 1.541144e-02
20 5.768886e-03 2.040019e-06
18 6.784906e-03 4.160829e-15
17 7.410498e-03 8.327727e-16
16 8.138468e-03 -1.366663e-15
15 8.993899e-03 -1.359669e-15
1000 1.572707e-05 5.944723e-02
100 5.007036e-04 5.180352e-02
65 9.593262e-04 5.092327e-02
50 1.426878e-03 4.808187e-02
40 2.001627e-03 4.297524e-02
30 3.101068e-03 3.311563e-02
26 3.858403e-03 2.477117e-02
23 4.654944e-03 1.693835e-02
20 5.768886e-03 2.129039e-06
# k_step gamma S_color
1000 1.572707e-05 6.687766e-02
100 5.007036e-04 5.676839e-02
65 9.593262e-04 4.655553e-02
50 1.426878e-03 4.622975e-02
40 2.001627e-03 4.303244e-02
30 3.101068e-03 3.128370e-02
26 3.858403e-03 2.657409e-02
23 4.654944e-03 1.602779e-02
20 5.768886e-03 2.194249e-06
18 6.784906e-03 4.554249e-15
17 7.410498e-03 7.983400e-16
16 8.138468e-03 -1.307590e-15
15 8.993899e-03 -1.383123e-15
1000 1.572707e-05 5.847027e-02
100 5.007036e-04 5.385757e-02
65 9.593262e-04 5.588957e-02
50 1.426878e-03 4.741877e-02
40 2.001627e-03 4.362101e-02
30 3.101068e-03 3.379447e-02
26 3.858403e-03 2.485368e-02
23 4.654944e-03 1.673256e-02
20 5.768886e-03 1.950321e-06
18 6.784906e-03 4.195143e-15
17 7.410498e-03 8.552303e-16
16 8.138468e-03 -1.364737e-15
15 8.993899e-03 -1.383140e-15
1000 1.572707e-05 5.749805e-02
100 5.007036e-04 5.663358e-02
65 9.593262e-04 4.938487e-02
50 1.426878e-03 4.722125e-02
40 2.001627e-03 4.391242e-02
30 3.101068e-03 3.245510e-02
26 3.858403e-03 2.760172e-02
23 4.654944e-03 1.652272e-02
20 5.768886e-03 2.046966e-06
18 6.784906e-03 4.717325e-15
17 7.410498e-03 8.821793e-16
16 8.138468e-03 -1.442579e-15
15 8.993899e-03 -1.360297e-15
1000 1.572707e-05 6.191810e-02
100 5.007036e-04 5.858882e-02
65 9.593262e-04 4.862166e-02
50 1.426878e-03 4.837624e-02
40 2.001627e-03 4.604989e-02
30 3.101068e-03 3.430334e-02
26 3.858403e-03 2.760755e-02
23 4.654944e-03 1.752393e-02
20 5.768886e-03 2.056310e-06
18 6.784906e-03 4.127394e-15
17 7.410498e-03 8.069338e-16
16 8.138468e-03 -1.346202e-15
15 8.993899e-03 -1.390804e-15
1000 1.572707e-05 5.816754e-02
100 5.007036e-04 5.792594e-02
65 9.593262e-04 4.628211e-02
50 1.426878e-03 5.054969e-02
40 2.001627e-03 4.449819e-02
30 3.101068e-03 3.420980e-02
26 3.858403e-03 2.532054e-02
23 4.654944e-03 1.732951e-02
20 5.768886e-03 2.040872e-06
18 6.784906e-03 4.331521e-15
17 7.410498e-03 7.858679e-16
16 8.138468e-03 -1.459994e-15
15 8.993899e-03 -1.356195e-15
1000 1.572707e-05 5.988884e-02
100 5.007036e-04 5.642615e-02
65 9.593262e-04 4.857807e-02
50 1.426878e-03 4.908600e-02
40 2.001627e-03 4.347902e-02
30 3.101068e-03 3.261341e-02
26 3.858403e-03 2.652772e-02
23 4.654944e-03 1.601875e-02
20 5.768886e-03 1.911157e-06
18 6.784906e-03 4.270733e-15
17 7.410498e-03 8.440820e-16
16 8.138468e-03 -1.399374e-15
15 8.993899e-03 -1.245922e-15
1000 1.572707e-05 5.318796e-02
100 5.007036e-04 5.038987e-02
65 9.593262e-04 4.869547e-02
50 1.426878e-03 4.939299e-02
40 2.001627e-03 4.448119e-02
30 3.101068e-03 3.312026e-02
26 3.858403e-03 2.556332e-02
23 4.654944e-03 1.668886e-02
20 5.768886e-03 2.006822e-06
18 6.784906e-03 4.230775e-15
17 7.410498e-03 8.796834e-16
16 8.138468e-03 -1.348697e-15
15 8.993899e-03 -1.377903e-15
1000 1.572707e-05 6.178624e-02
100 5.007036e-04 6.059477e-02
65 9.593262e-04 4.950442e-02
50 1.426878e-03 4.355140e-02
40 2.001627e-03 4.349931e-02
30 3.101068e-03 3.579952e-02
26 3.858403e-03 2.920667e-02
23 4.654944e-03 1.748345e-02
20 5.768886e-03 2.123354e-06
18 6.784906e-03 4.293201e-15
17 7.410498e-03 8.971734e-16
16 8.138468e-03 -1.357737e-15
15 8.993899e-03 -1.396508e-15
1000 1.572707e-05 6.304072e-02
100 5.007036e-04 5.812132e-02
65 9.593262e-04 5.347301e-02
50 1.426878e-03 4.872587e-02
40 2.001627e-03 4.610202e-02
30 3.101068e-03 3.590988e-02
26 3.858403e-03 2.562338e-02
23 4.654944e-03 1.850989e-02
20 5.768886e-03 2.082980e-06
18 6.784906e-03 4.207754e-15
17 7.410498e-03 8.703353e-16
16 8.138468e-03 -1.357724e-15
15 8.993899e-03 -1.376467e-15
1000 1.572707e-05 6.524636e-02
100 5.007036e-04 5.366494e-02
65 9.593262e-04 4.980376e-02
50 1.426878e-03 4.700765e-02
40 2.001627e-03 3.896584e-02
30 3.101068e-03 3.448683e-02
26 3.858403e-03 2.861310e-02
23 4.654944e-03 1.692691e-02
20 5.768886e-03 1.916104e-06
18 6.784906e-03 4.439551e-15
17 7.410498e-03 8.305883e-16
16 8.138468e-03 -1.469192e-15
15 8.993899e-03 -1.455699e-15
1000 1.572707e-05 5.862362e-02
100 5.007036e-04 5.522541e-02
65 9.593262e-04 5.550507e-02
50 1.426878e-03 5.105667e-02
40 2.001627e-03 4.150822e-02
30 3.101068e-03 3.596232e-02
26 3.858403e-03 2.652497e-02
23 4.654944e-03 1.627387e-02
20 5.768886e-03 2.097734e-06
18 6.784906e-03 4.243968e-15
17 7.410498e-03 8.657468e-16
16 8.138468e-03 -1.397038e-15
15 8.993899e-03 -1.322840e-15
1000 1.572707e-05 5.945279e-02
100 5.007036e-04 5.765498e-02
65 9.593262e-04 5.175212e-02
50 1.426878e-03 4.909422e-02
40 2.001627e-03 4.334322e-02
30 3.101068e-03 3.455052e-02
26 3.858403e-03 2.573331e-02
23 4.654944e-03 1.601530e-02
20 5.768886e-03 2.003118e-06
18 6.784906e-03 4.662425e-15
17 7.410498e-03 8.350852e-16
16 8.138468e-03 -1.358146e-15
15 8.993899e-03 -1.286745e-15
1000 1.572707e-05 5.753286e-02
100 5.007036e-04 5.215260e-02
65 9.593262e-04 4.579069e-02
50 1.426878e-03 4.925766e-02
40 2.001627e-03 4.495774e-02
30 3.101068e-03 3.512588e-02
26 3.858403e-03 2.439706e-02
23 4.654944e-03 1.611469e-02
20 5.768886e-03 2.028144e-06
18 6.784906e-03 4.231486e-15
17 7.410498e-03 7.979678e-16
16 8.138468e-03 -1.327552e-15
15 8.993899e-03 -1.467261e-15
1000 1.572707e-05 5.993424e-02
100 5.007036e-04 5.167892e-02
65 9.593262e-04 5.268136e-02
50 1.426878e-03 4.546394e-02
40 2.001627e-03 4.131691e-02
30 3.101068e-03 3.496998e-02
26 3.858403e-03 2.533912e-02
23 4.654944e-03 1.695716e-02
20 5.768886e-03 1.971693e-06
18 6.784906e-03 4.255274e-15
17 7.410498e-03 8.148409e-16
16 8.138468e-03 -1.370251e-15
15 8.993899e-03 -1.349815e-15
1000 1.572707e-05 6.006004e-02
100 5.007036e-04 4.964597e-02
65 9.593262e-04 5.394621e-02
50 1.426878e-03 4.468960e-02
40 2.001627e-03 4.593659e-02
30 3.101068e-03 3.062297e-02
26 3.858403e-03 2.546289e-02
23 4.654944e-03 1.636039e-02
20 5.768886e-03 1.994730e-06
18 6.784906e-03 4.493802e-15
17 7.410498e-03 8.741401e-16
16 8.138468e-03 -1.378977e-15
15 8.993899e-03 -1.308264e-15
1000 1.572707e-05 5.702860e-02
100 5.007036e-04 5.408230e-02
65 9.593262e-04 4.787582e-02
50 1.426878e-03 4.752232e-02
40 2.001627e-03 4.315769e-02
30 3.101068e-03 3.327493e-02
26 3.858403e-03 2.739071e-02
23 4.654944e-03 1.609067e-02
20 5.768886e-03 2.079476e-06
18 6.784906e-03 4.135839e-15
17 7.410498e-03 8.651056e-16
16 8.138468e-03 -1.314396e-15
15 8.993899e-03 -1.367889e-15
1000 1.572707e-05 5.917205e-02
100 5.007036e-04 5.029348e-02
65 9.593262e-04 4.718278e-02
50 1.426878e-03 4.839599e-02
40 2.001627e-03 4.328987e-02
30 3.101068e-03 3.435714e-02
26 3.858403e-03 2.712035e-02
23 4.654944e-03 1.659917e-02
20 5.768886e-03 2.033732e-06
18 6.784906e-03 4.183159e-15
17 7.410498e-03 7.937590e-16
16 8.138468e-03 -1.423647e-15
15 8.993899e-03 -1.261054e-15
1000 1.572707e-05 5.767211e-02
100 5.007036e-04 5.360818e-02
65 9.593262e-04 5.053679e-02
50 1.426878e-03 4.639481e-02
40 2.001627e-03 4.195036e-02
30 3.101068e-03 3.325261e-02
26 3.858403e-03 2.529643e-02
23 4.654944e-03 1.790049e-02
20 5.768886e-03 1.964876e-06
18 6.784906e-03 4.214561e-15
17 7.410498e-03 8.236455e-16
16 8.138468e-03 -1.372723e-15
15 8.993899e-03 -1.332243e-15
1000 1.572707e-05 6.115206e-02
100 5.007036e-04 5.391224e-02
65 9.593262e-04 5.236874e-02
50 1.426878e-03 4.294610e-02
40 2.001627e-03 4.222884e-02
30 3.101068e-03 3.433047e-02
26 3.858403e-03 2.622576e-02
23 4.654944e-03 1.672351e-02
20 5.768886e-03 2.137964e-06
18 6.784906e-03 4.612110e-15
17 7.410498e-03 8.618165e-16
16 8.138468e-03 -1.291897e-15
15 8.993899e-03 -1.386565e-15
1000 1.572707e-05 6.453019e-02
100 5.007036e-04 5.792930e-02
65 9.593262e-04 5.184231e-02
50 1.426878e-03 4.837339e-02
40 2.001627e-03 4.158991e-02
30 3.101068e-03 3.163870e-02
26 3.858403e-03 2.477872e-02
23 4.654944e-03 1.623257e-02
20 5.768886e-03 1.978851e-06
18 6.784906e-03 4.289393e-15
17 7.410498e-03 7.911254e-16
16 8.138468e-03 -1.326764e-15
15 8.993899e-03 -1.386253e-15
1000 1.572707e-05 6.129589e-02
100 5.007036e-04 5.544833e-02
65 9.593262e-04 5.363059e-02
50 1.426878e-03 4.668524e-02
40 2.001627e-03 4.375595e-02
30 3.101068e-03 3.135723e-02
26 3.858403e-03 2.716330e-02
23 4.654944e-03 1.679777e-02
20 5.768886e-03 2.034214e-06
18 6.784906e-03 4.353773e-15
17 7.410498e-03 8.165359e-16
16 8.138468e-03 -1.334429e-15
15 8.993899e-03 -1.309107e-15
1000 1.572707e-05 5.993305e-02
100 5.007036e-04 5.989657e-02
65 9.593262e-04 5.245305e-02
50 1.426878e-03 4.743129e-02
40 2.001627e-03 4.339323e-02
30 3.101068e-03 3.219773e-02
26 3.858403e-03 2.624315e-02
23 4.654944e-03 1.657119e-02
20 5.768886e-03 2.064258e-06
18 6.784906e-03 4.292272e-15
17 7.410498e-03 8.377591e-16
16 8.138468e-03 -1.317401e-15
15 8.993899e-03 -1.330385e-15
1000 1.572707e-05 5.499585e-02
100 5.007036e-04 5.351699e-02
65 9.593262e-04 4.848785e-02
50 1.426878e-03 4.765502e-02
40 2.001627e-03 4.665335e-02
30 3.101068e-03 3.572019e-02
26 3.858403e-03 2.627407e-02
23 4.654944e-03 1.725778e-02
20 5.768886e-03 2.162969e-06
18 6.784906e-03 4.387761e-15
17 7.410498e-03 8.392511e-16
16 8.138468e-03 -1.408261e-15
15 8.993899e-03 -1.340640e-15
1000 1.572707e-05 5.447684e-02
100 5.007036e-04 5.742045e-02
65 9.593262e-04 5.381788e-02
50 1.426878e-03 4.595245e-02
40 2.001627e-03 4.127397e-02
30 3.101068e-03 3.331233e-02
26 3.858403e-03 2.516530e-02
23 4.654944e-03 1.727823e-02
20 5.768886e-03 2.018578e-06
18 6.784906e-03 4.221801e-15
17 7.410498e-03 8.370321e-16
16 8.138468e-03 -1.365207e-15
15 8.993899e-03 -1.455547e-15
1000 1.572707e-05 5.977111e-02
100 5.007036e-04 5.280085e-02
65 9.593262e-04 5.491628e-02
50 1.426878e-03 4.883971e-02
40 2.001627e-03 4.467259e-02
30 3.101068e-03 3.173620e-02
26 3.858403e-03 2.359242e-02
23 4.654944e-03 1.767834e-02
20 5.768886e-03 2.161238e-06
18 6.784906e-03 4.382089e-15
17 7.410498e-03 8.418546e-16
16 8.138468e-03 -1.277181e-15
15 8.993899e-03 -1.363329e-15
1000 1.572707e-05 6.113245e-02
100 5.007036e-04 5.362361e-02
65 9.593262e-04 5.278628e-02
50 1.426878e-03 4.632181e-02
40 2.001627e-03 4.307682e-02
30 3.101068e-03 3.477813e-02
26 3.858403e-03 2.627174e-02
23 4.654944e-03 1.763373e-02
20 5.768886e-03 1.907034e-06
18 6.784906e-03 4.086237e-15
17 7.410498e-03 8.517665e-16
16 8.138468e-03 -1.356088e-15
15 8.993899e-03 -1.361967e-15
1000 1.572707e-05 5.465931e-02
100 5.007036e-04 5.348525e-02
65 9.593262e-04 4.648689e-02
50 1.426878e-03 4.821138e-02
40 2.001627e-03 4.426246e-02
30 3.101068e-03 3.525117e-02
26 3.858403e-03 2.733960e-02
23 4.654944e-03 1.652254e-02
20 5.768886e-03 1.941203e-06
18 6.784906e-03 4.427794e-15
17 7.410498e-03 8.171425e-16
16 8.138468e-03 -1.334489e-15
15 8.993899e-03 -1.395127e-15
1000 1.572707e-05 5.709640e-02
100 5.007036e-04 5.639747e-02
65 9.593262e-04 4.910913e-02
50 1.426878e-03 4.637091e-02
40 2.001627e-03 4.421878e-02
30 3.101068e-03 3.410582e-02
26 3.858403e-03 2.728802e-02
23 4.654944e-03 1.845509e-02
20 5.768886e-03 1.864739e-06
18 6.784906e-03 4.290679e-15
17 7.410498e-03 8.690503e-16
16 8.138468e-03 -1.355409e-15
15 8.993899e-03 -1.296881e-15
1000 1.572707e-05 6.001393e-02
100 5.007036e-04 5.340782e-02
65 9.593262e-04 5.408022e-02
50 1.426878e-03 4.785342e-02
40 2.001627e-03 4.255877e-02
30 3.101068e-03 3.336216e-02
26 3.858403e-03 2.554824e-02
23 4.654944e-03 1.756947e-02
20 5.768886e-03 2.104332e-06
18 6.784906e-03 4.104685e-15
17 7.410498e-03 8.408593e-16
16 8.138468e-03 -1.345732e-15
15 8.993899e-03 -1.313604e-15
1000 1.572707e-05 5.433590e-02
100 5.007036e-04 5.393289e-02
65 9.593262e-04 4.923219e-02
50 1.426878e-03 4.886555e-02
40 2.001627e-03 4.318498e-02
30 3.101068e-03 3.387774e-02
26 3.858403e-03 2.618056e-02
23 4.654944e-03 1.641685e-02
20 5.768886e-03 2.025357e-06
18 6.784906e-03 4.266232e-15
17 7.410498e-03 9.190126e-16
16 8.138468e-03 -1.425255e-15
15 8.993899e-03 -1.266464e-15
1000 1.572707e-05 6.488497e-02
100 5.007036e-04 5.594763e-02
65 9.593262e-04 5.336147e-02
50 1.426878e-03 4.716293e-02
40 2.001627e-03 4.435431e-02
30 3.101068e-03 3.340911e-02
26 3.858403e-03 2.548263e-02
23 4.654944e-03 1.653263e-02
20 5.768886e-03 1.916603e-06
18 6.784906e-03 4.272714e-15
17 7.410498e-03 8.540272e-16
16 8.138468e-03 -1.350787e-15
15 8.993899e-03 -1.363587e-15
1000 1.572707e-05 6.186817e-02
100 5.007036e-04 5.372692e-02
65 9.593262e-04 5.268145e-02
50 1.426878e-03 4.862835e-02
40 2.001627e-03 4.184209e-02
30 3.101068e-03 3.238479e-02
26 3.858403e-03 2.672182e-02
23 4.654944e-03 1.592518e-02
20 5.768886e-03 1.969882e-06
18 6.784906e-03 4.459028e-15
17 7.410498e-03 8.936495e-16
16 8.138468e-03 -1.364699e-15
15 8.993899e-03 -1.326105e-15
1000 1.572707e-05 5.306246e-02
100 5.007036e-04 5.417267e-02
65 9.593262e-04 4.982460e-02
50 1.426878e-03 4.807617e-02
40 2.001627e-03 4.175021e-02
30 3.101068e-03 3.125336e-02
26 3.858403e-03 2.493915e-02
23 4.654944e-03 1.870258e-02
20 5.768886e-03 1.948819e-06
18 6.784906e-03 4.408884e-15
17 7.410498e-03 8.826169e-16
16 8.138468e-03 -1.451870e-15
15 8.993899e-03 -1.394723e-15
1000 1.572707e-05 6.015341e-02
100 5.007036e-04 5.367043e-02
65 9.593262e-04 5.217171e-02
50 1.426878e-03 4.625649e-02
40 2.001627e-03 4.184138e-02
30 3.101068e-03 3.501760e-02
26 3.858403e-03 2.433914e-02
23 4.654944e-03 1.711014e-02
20 5.768886e-03 1.948501e-06
18 6.784906e-03 4.166205e-15
17 7.410498e-03 8.651470e-16
16 8.138468e-03 -1.292180e-15
15 8.993899e-03 -1.345048e-15
1000 1.572707e-05 5.713091e-02
100 5.007036e-04 5.253536e-02
65 9.593262e-04 4.966935e-02
50 1.426878e-03 4.989123e-02
40 2.001627e-03 4.126248e-02
30 3.101068e-03 3.346850e-02
26 3.858403e-03 2.644138e-02
23 4.654944e-03 1.693089e-02
20 5.768886e-03 1.923062e-06
18 6.784906e-03 4.326514e-15
17 7.410498e-03 7.900002e-16
16 8.138468e-03 -1.403650e-15
15 8.993899e-03 -1.322036e-15
1000 1.572707e-05 5.555091e-02
100 5.007036e-04 5.345640e-02
65 9.593262e-04 5.245535e-02
50 1.426878e-03 4.943226e-02
40 2.001627e-03 4.333442e-02
30 3.101068e-03 3.090922e-02
26 3.858403e-03 2.745515e-02
23 4.654944e-03 1.670105e-02
20 5.768886e-03 2.077429e-06
18 6.784906e-03 4.241736e-15
17 7.410498e-03 8.522135e-16
16 8.138468e-03 -1.444379e-15
15 8.993899e-03 -1.398903e-15
1000 1.572707e-05 5.416340e-02
100 5.007036e-04 5.318032e-02
65 9.593262e-04 4.991344e-02
50 1.426878e-03 4.495056e-02
40 2.001627e-03 4.391562e-02
30 3.101068e-03 3.198948e-02
26 3.858403e-03 2.495961e-02
23 4.654944e-03 1.720487e-02
20 5.768886e-03 2.080439e-06
18 6.784906e-03 4.162810e-15
17 7.410498e-03 8.930564e-16
16 8.138468e-03 -1.385434e-15
15 8.993899e-03 -1.342468e-15
1000 1.572707e-05 5.181596e-02
100 5.007036e-04 5.489799e-02
65 9.593262e-04 5.143700e-02
50 1.426878e-03 4.646397e-02
40 2.001627e-03 4.143447e-02
30 3.101068e-03 3.360695e-02
26 3.858403e-03 2.686799e-02
23 4.654944e-03 1.676948e-02
20 5.768886e-03 1.994593e-06
18 6.784906e-03 4.232537e-15
17 7.410498e-03 8.232939e-16
16 8.138468e-03 -1.343961e-15
15 8.993899e-03 -1.335775e-15
1000 1.572707e-05 5.816543e-02
100 5.007036e-04 5.245066e-02
65 9.593262e-04 5.061365e-02
50 1.426878e-03 5.082051e-02
40 2.001627e-03 3.796124e-02
30 3.101068e-03 3.372227e-02
26 3.858403e-03 2.614282e-02
23 4.654944e-03 1.604336e-02
20 5.768886e-03 2.066136e-06
18 6.784906e-03 4.472046e-15
17 7.410498e-03 8.418577e-16
16 8.138468e-03 -1.345511e-15
15 8.993899e-03 -1.267684e-15
1000 1.572707e-05 6.271860e-02
100 5.007036e-04 5.806586e-02
65 9.593262e-04 5.156799e-02
50 1.426878e-03 4.905514e-02
40 2.001627e-03 4.548219e-02
30 3.101068e-03 3.292030e-02
26 3.858403e-03 2.500710e-02
23 4.654944e-03 1.809634e-02
20 5.768886e-03 2.010659e-06
18 6.784906e-03 4.497112e-15
17 7.410498e-03 8.284625e-16
16 8.138468e-03 -1.321756e-15
15 8.993899e-03 -1.314037e-15
1000 1.572707e-05 5.778070e-02
100 5.007036e-04 5.147217e-02
65 9.593262e-04 4.886945e-02
50 1.426878e-03 4.812065e-02
40 2.001627e-03 4.293355e-02
30 3.101068e-03 3.440771e-02
26 3.858403e-03 2.654989e-02
23 4.654944e-03 1.541350e-02
20 5.768886e-03 2.018079e-06
18 6.784906e-03 4.582213e-15
17 7.410498e-03 8.380235e-16
16 8.138468e-03 -1.369088e-15
15 8.993899e-03 -1.304543e-15
1000 1.572707e-05 5.973294e-02
100 5.007036e-04 5.201140e-02
65 9.593262e-04 5.125617e-02
50 1.426878e-03 4.940844e-02
40 2.001627e-03 3.963276e-02
30 3.101068e-03 3.618535e-02
26 3.858403e-03 2.609172e-02
23 4.654944e-03 1.806632e-02
20 5.768886e-03 2.149051e-06
18 6.784906e-03 4.506057e-15
17 7.410498e-03 8.057859e-16
16 8.138468e-03 -1.366092e-15
15 8.993899e-03 -1.366263e-15
1000 1.572707e-05 5.985070e-02
100 5.007036e-04 5.162264e-02
65 9.593262e-04 5.049428e-02
50 1.426878e-03 4.187438e-02
40 2.001627e-03 4.112704e-02
30 3.101068e-03 3.389869e-02
26 3.858403e-03 2.472361e-02
23 4.654944e-03 1.603962e-02
20 5.768886e-03 1.928743e-06
18 6.784906e-03 4.426140e-15
17 7.410498e-03 8.638672e-16
16 8.138468e-03 -1.362514e-15
15 8.993899e-03 -1.311560e-15
1000 1.572707e-05 5.644657e-02
100 5.007036e-04 5.336942e-02
65 9.593262e-04 4.724465e-02
50 1.426878e-03 4.873095e-02
40 2.001627e-03 3.821110e-02
30 3.101068e-03 3.822043e-02
26 3.858403e-03 2.411301e-02
23 4.654944e-03 1.618453e-02
20 5.768886e-03 2.059894e-06
18 6.784906e-03 4.276423e-15
17 7.410498e-03 9.042502e-16
16 8.138468e-03 -1.375150e-15
15 8.993899e-03 -1.311633e-15
1000 1.572707e-05 5.618162e-02
100 5.007036e-04 5.276283e-02
65 9.593262e-04 4.981049e-02
50 1.426878e-03 4.885069e-02
40 2.001627e-03 4.349478e-02
30 3.101068e-03 3.276414e-02
26 3.858403e-03 2.994307e-02
23 4.654944e-03 1.559438e-02
20 5.768886e-03 1.965257e-06
18 6.784906e-03 4.211624e-15
17 7.410498e-03 8.589943e-16
16 8.138468e-03 -1.304389e-15
15 8.993899e-03 -1.388387e-15
1000 1.572707e-05 5.785092e-02
100 5.007036e-04 5.820074e-02
65 9.593262e-04 4.808079e-02
50 1.426878e-03 4.894173e-02
40 2.001627e-03 4.266140e-02
30 3.101068e-03 3.136567e-02
26 3.858403e-03 2.692572e-02
23 4.654944e-03 1.619208e-02
20 5.768886e-03 1.889316e-06
18 6.784906e-03 4.214128e-15
17 7.410498e-03 8.392754e-16
16 8.138468e-03 -1.379703e-15
15 8.993899e-03 -1.365509e-15
1000 1.572707e-05 6.132392e-02
100 5.007036e-04 5.926848e-02
65 9.593262e-04 5.190766e-02
50 1.426878e-03 4.738455e-02
40 2.001627e-03 4.659428e-02
30 3.101068e-03 3.262449e-02
26 3.858403e-03 2.569070e-02
23 4.654944e-03 1.694204e-02
20 5.768886e-03 2.200850e-06
18 6.784906e-03 4.320943e-15
17 7.410498e-03 8.013023e-16
16 8.138468e-03 -1.354450e-15
15 8.993899e-03 -1.308992e-15
1000 1.572707e-05 5.884166e-02
100 5.007036e-04 5.430111e-02
65 9.593262e-04 4.743753e-02
50 1.426878e-03 4.610646e-02
40 2.001627e-03 4.459637e-02
30 3.101068e-03 3.322050e-02
26 3.858403e-03 2.526025e-02
23 4.654944e-03 1.766934e-02
20 5.768886e-03 1.992411e-06
18 6.784906e-03 4.405521e-15
17 7.410498e-03 8.039122e-16
16 8.138468e-03 -1.452040e-15
15 8.993899e-03 -1.318998e-15
1000 1.572707e-05 5.884471e-02
100 5.007036e-04 5.072401e-02
65 9.593262e-04 4.916806e-02
50 1.426878e-03 4.326525e-02
40 2.001627e-03 4.049199e-02
30 3.101068e-03 3.567604e-02
26 3.858403e-03 2.733013e-02
23 4.654944e-03 1.716157e-02
20 5.768886e-03 1.962183e-06
18 6.784906e-03 4.298442e-15
17 7.410498e-03 8.943016e-16
16 8.138468e-03 -1.433576e-15
15 8.993899e-03 -1.413794e-15
1000 1.572707e-05 5.907436e-02
100 5.007036e-04 5.426258e-02
65 9.593262e-04 4.882415e-02
50 1.426878e-03 4.942078e-02
40 2.001627e-03 4.358805e-02
30 3.101068e-03 3.652324e-02
26 3.858403e-03 2.590651e-02
23 4.654944e-03 1.715194e-02
20 5.768886e-03 2.152195e-06
18 6.784906e-03 4.341141e-15
17 7.410498e-03 8.888528e-16
16 8.138468e-03 -1.365120e-15
15 8.993899e-03 -1.425425e-15
1000 1.572707e-05 5.735880e-02
100 5.007036e-04 5.385637e-02
65 9.593262e-04 4.814885e-02
50 1.426878e-03 4.649153e-02
40 2.001627e-03 4.279933e-02
30 3.101068e-03 3.223016e-02
26 3.858403e-03 2.522137e-02
23 4.654944e-03 1.667247e-02
20 5.768886e-03 1.958929e-06
18 6.784906e-03 4.362740e-15
17 7.410498e-03 8.326943e-16
16 8.138468e-03 -1.345313e-15
15 8.993899e-03 -1.331767e-15
1000 1.572707e-05 6.473359e-02
100 5.007036e-04 5.717922e-02
65 9.593262e-04 5.247783e-02
50 1.426878e-03 4.979133e-02
40 2.001627e-03 4.224727e-02
30 3.101068e-03 3.518284e-02
26 3.858403e-03 2.801629e-02
23 4.654944e-03 1.579957e-02
20 5.768886e-03 2.075639e-06
18 6.784906e-03 4.081818e-15
17 7.410498e-03 8.478749e-16
16 8.138468e-03 -1.415374e-15
15 8.993899e-03 -1.494659e-15
1000 1.572707e-05 6.196683e-02
100 5.007036e-04 5.513610e-02
65 9.593262e-04 5.276878e-02
50 1.426878e-03 4.490445e-02
40 2.001627e-03 4.203348e-02
30 3.101068e-03 3.367090e-02
26 3.858403e-03 2.697722e-02
23 4.654944e-03 1.674397e-02
20 5.768886e-03 1.985830e-06
18 6.784906e-03 4.305198e-15
17 7.410498e-03 8.680674e-16
16 8.138468e-03 -1.316967e-15
15 8.993899e-03 -1.318502e-15
1000 1.572707e-05 6.121415e-02
100 5.007036e-04 5.579912e-02
65 9.593262e-04 5.273905e-02
50 1.426878e-03 4.585600e-02
40 2.001627e-03 4.251334e-02
30 3.101068e-03 3.619645e-02
26 3.858403e-03 2.626156e-02
23 4.654944e-03 1.670549e-02
20 5.768886e-03 2.037362e-06
18 6.784906e-03 4.310125e-15
17 7.410498e-03 8.463879e-16
16 8.138468e-03 -1.268005e-15
15 8.993899e-03 -1.352215e-15
1000 1.572707e-05 6.190222e-02
100 5.007036e-04 4.893537e-02
65 9.593262e-04 4.951985e-02
50 1.426878e-03 4.970464e-02
40 2.001627e-03 4.099794e-02
30 3.101068e-03 3.504566e-02
26 3.858403e-03 2.657229e-02
23 4.654944e-03 1.728062e-02
20 5.768886e-03 2.012768e-06
18 6.784906e-03 4.276815e-15
17 7.410498e-03 8.550102e-16
16 8.138468e-03 -1.226193e-15
15 8.993899e-03 -1.341224e-15
1000 1.572707e-05 5.779347e-02
100 5.007036e-04 5.166695e-02
65 9.593262e-04 5.186935e-02
50 1.426878e-03 4.648694e-02
40 2.001627e-03 4.195695e-02
30 3.101068e-03 3.278460e-02
26 3.858403e-03 2.668502e-02
23 4.654944e-03 1.658902e-02
20 5.768886e-03 1.975574e-06
18 6.784906e-03 4.538985e-15
17 7.410498e-03 8.610553e-16
16 8.138468e-03 -1.320129e-15
15 8.993899e-03 -1.393988e-15
1000 1.572707e-05 5.612346e-02
100 5.007036e-04 5.448320e-02
65 9.593262e-04 5.120400e-02
50 1.426878e-03 4.932924e-02
40 2.001627e-03 4.485605e-02
30 3.101068e-03 3.247558e-02
26 3.858403e-03 2.448825e-02
23 4.654944e-03 1.745891e-02
20 5.768886e-03 1.987237e-06
18 6.784906e-03 4.321696e-15
17 7.410498e-03 8.335669e-16
16 8.138468e-03 -1.383569e-15
15 8.993899e-03 -1.250788e-15
1000 1.572707e-05 6.068954e-02
100 5.007036e-04 5.007951e-02
65 9.593262e-04 5.164276e-02
50 1.426878e-03 4.983649e-02
40 2.001627e-03 4.726763e-02
30 3.101068e-03 3.437644e-02
26 3.858403e-03 2.664996e-02
23 4.654944e-03 1.751008e-02
20 5.768886e-03 2.003958e-06
18 6.784906e-03 4.272365e-15
17 7.410498e-03 8.142486e-16
16 8.138468e-03 -1.388993e-15
15 8.993899e-03 -1.287598e-15
1000 1.572707e-05 5.456583e-02
100 5.007036e-04 5.928680e-02
65 9.593262e-04 5.301554e-02
50 1.426878e-03 4.764376e-02
40 2.001627e-03 4.252051e-02
30 3.101068e-03 3.705448e-02
26 3.858403e-03 2.555898e-02
23 4.654944e-03 1.648415e-02
20 5.768886e-03 2.031351e-06
18 6.784906e-03 4.276764e-15
17 7.410498e-03 8.601326e-16
16 8.138468e-03 -1.381112e-15
15 8.993899e-03 -1.310785e-15
1000 1.572707e-05 6.053232e-02
100 5.007036e-04 5.777171e-02
65 9.593262e-04 4.681509e-02
50 1.426878e-03 4.576984e-02
40 2.001627e-03 4.593899e-02
30 3.101068e-03 3.495358e-02
26 3.858403e-03 2.673122e-02
23 4.654944e-03 1.688671e-02
20 5.768886e-03 2.095778e-06
18 6.784906e-03 4.385975e-15
17 7.410498e-03 8.456636e-16
16 8.138468e-03 -1.392594e-15
15 8.993899e-03 -1.277293e-15
1000 1.572707e-05 5.938687e-02
100 5.007036e-04 5.507192e-02
65 9.593262e-04 4.940895e-02
50 1.426878e-03 4.779733e-02
40 2.001627e-03 4.519327e-02
30 3.101068e-03 3.160715e-02
26 3.858403e-03 2.783477e-02
23 4.654944e-03 1.773730e-02
20 5.768886e-03 2.035108e-06
18 6.784906e-03 4.261032e-15
17 7.410498e-03 8.271073e-16
16 8.138468e-03 -1.252260e-15
15 8.993899e-03 -1.289844e-15
1000 1.572707e-05 5.477150e-02
100 5.007036e-04 5.376189e-02
65 9.593262e-04 5.224823e-02
50 1.426878e-03 4.674033e-02
40 2.001627e-03 4.532855e-02
30 3.101068e-03 3.539741e-02
26 3.858403e-03 2.551967e-02
23 4.654944e-03 1.752165e-02
20 5.768886e-03 1.975780e-06
18 6.784906e-03 4.330545e-15
17 7.410498e-03 8.940264e-16
16 8.138468e-03 -1.303460e-15
15 8.993899e-03 -1.450411e-15
1000 1.572707e-05 5.712760e-02
100 5.007036e-04 5.285882e-02
65 9.593262e-04 4.881117e-02
50 1.426878e-03 4.483161e-02
40 2.001627e-03 4.360321e-02
30 3.101068e-03 3.261465e-02
26 3.858403e-03 2.575825e-02
23 4.654944e-03 1.618974e-02
20 5.768886e-03 2.075743e-06
18 6.784906e-03 4.269498e-15
17 7.410498e-03 8.588439e-16
16 8.138468e-03 -1.344019e-15
15 8.993899e-03 -1.270718e-15
1000 1.572707e-05 6.039728e-02
100 5.007036e-04 5.528631e-02
65 9.593262e-04 4.754339e-02
50 1.426878e-03 4.900702e-02
40 2.001627e-03 4.119149e-02
30 3.101068e-03 3.134679e-02
26 3.858403e-03 2.498032e-02
23 4.654944e-03 1.823030e-02
20 5.768886e-03 2.153866e-06
18 6.784906e-03 4.397278e-15
17 7.410498e-03 8.263916e-16
16 8.138468e-03 -1.339726e-15
15 8.993899e-03 -1.287721e-15
1000 1.572707e-05 5.968935e-02
100 5.007036e-04 5.485386e-02
65 9.593262e-04 4.695092e-02
50 1.426878e-03 4.837679e-02
40 2.001627e-03 4.401829e-02
30 3.101068e-03 3.322198e-02
26 3.858403e-03 2.687280e-02
23 4.654944e-03 1.734858e-02
20 5.768886e-03 2.030303e-06
18 6.784906e-03 4.119729e-15
17 7.410498e-03 8.885481e-16
16 8.138468e-03 -1.324328e-15
15 8.993899e-03 -1.352815e-15
1000 1.572707e-05 5.417734e-02
100 5.007036e-04 5.841451e-02
65 9.593262e-04 5.130513e-02
50 1.426878e-03 4.703193e-02
40 2.001627e-03 4.380954e-02
30 3.101068e-03 3.344199e-02
26 3.858403e-03 2.697109e-02
23 4.654944e-03 1.560609e-02
20 5.768886e-03 2.135085e-06
18 6.784906e-03 4.081785e-15
17 7.410498e-03 8.310918e-16
16 8.138468e-03 -1.406145e-15
15 8.993899e-03 -1.432117e-15
1000 1.572707e-05 5.320002e-02
100 5.007036e-04 6.127030e-02
65 9.593262e-04 4.928850e-02
50 1.426878e-03 4.673669e-02
40 2.001627e-03 4.109919e-02
30 3.101068e-03 3.307556e-02
26 3.858403e-03 2.777937e-02
23 4.654944e-03 1.655343e-02
20 5.768886e-03 2.106325e-06
18 6.784906e-03 4.098687e-15
17 7.410498e-03 8.328939e-16
16 8.138468e-03 -1.366703e-15
15 8.993899e-03 -1.373055e-15
1000 1.572707e-05 5.321255e-02
100 5.007036e-04 5.198769e-02
65 9.593262e-04 4.747850e-02
50 1.426878e-03 4.459002e-02
40 2.001627e-03 4.221513e-02
30 3.101068e-03 3.080183e-02
26 3.858403e-03 2.796894e-02
23 4.654944e-03 1.726410e-02
20 5.768886e-03 2.134959e-06
18 6.784906e-03 4.355335e-15
17 7.410498e-03 8.853972e-16
16 8.138468e-03 -1.418657e-15
15 8.993899e-03 -1.386173e-15
1000 1.572707e-05 5.898249e-02
100 5.007036e-04 6.228894e-02
65 9.593262e-04 5.189021e-02
50 1.426878e-03 4.658587e-02
40 2.001627e-03 4.328346e-02
30 3.101068e-03 3.351829e-02
26 3.858403e-03 2.528517e-02
23 4.654944e-03 1.825567e-02
20 5.768886e-03 2.009984e-06
18 6.784906e-03 4.532608e-15
17 7.410498e-03 8.507643e-16
16 8.138468e-03 -1.364222e-15
15 8.993899e-03 -1.322896e-15
1000 1.572707e-05 6.081448e-02
100 5.007036e-04 5.520519e-02
65 9.593262e-04 4.928870e-02
50 1.426878e-03 4.885504e-02
40 2.001627e-03 4.490936e-02
30 3.101068e-03 3.225395e-02
26 3.858403e-03 2.851412e-02
23 4.654944e-03 1.661272e-02
20 5.768886e-03 1.989180e-06
18 6.784906e-03 4.230331e-15
17 7.410498e-03 8.145687e-16
16 8.138468e-03 -1.290903e-15
15 8.993899e-03 -1.328721e-15
1000 1.572707e-05 5.700569e-02
100 5.007036e-04 5.097241e-02
65 9.593262e-04 5.003704e-02
50 1.426878e-03 4.808179e-02
40 2.001627e-03 4.165067e-02
30 3.101068e-03 3.249921e-02
26 3.858403e-03 2.570321e-02
23 4.654944e-03 1.713409e-02
20 5.768886e-03 1.990096e-06
18 6.784906e-03 4.638372e-15
17 7.410498e-03 8.434404e-16
16 8.138468e-03 -1.318016e-15
15 8.993899e-03 -1.342018e-15
1000 1.572707e-05 6.392406e-02
100 5.007036e-04 5.650268e-02
65 9.593262e-04 4.542700e-02
50 1.426878e-03 4.293386e-02
40 2.001627e-03 4.039297e-02
30 3.101068e-03 3.354893e-02
26 3.858403e-03 2.504704e-02
23 4.654944e-03 1.651501e-02
20 5.768886e-03 1.995585e-06
18 6.784906e-03 4.399565e-15
17 7.410498e-03 8.454233e-16
16 8.138468e-03 -1.365935e-15
15 8.993899e-03 -1.326339e-15
1000 1.572707e-05 5.991940e-02
100 5.007036e-04 5.742214e-02
65 9.593262e-04 5.139497e-02
50 1.426878e-03 4.761190e-02
40 2.001627e-03 4.419613e-02
30 3.101068e-03 3.351198e-02
26 3.858403e-03 2.587269e-02
23 4.654944e-03 1.667833e-02
20 5.768886e-03 2.018750e-06
18 6.784906e-03 4.250749e-15
17 7.410498e-03 8.954304e-16
16 8.138468e-03 -1.446228e-15
15 8.993899e-03 -1.371394e-15
1000 1.572707e-05 5.822340e-02
100 5.007036e-04 5.372526e-02
65 9.593262e-04 5.066243e-02
50 1.426878e-03 4.784871e-02
40 2.001627e-03 4.332710e-02
30 3.101068e-03 3.514961e-02
26 3.858403e-03 2.618980e-02
23 4.654944e-03 1.754900e-02
20 5.768886e-03 2.155471e-06
18 6.784906e-03 4.394100e-15
17 7.410498e-03 7.963917e-16
16 8.138468e-03 -1.302247e-15
15 8.993899e-03 -1.324741e-15
1000 1.572707e-05 5.859490e-02
100 5.007036e-04 5.500259e-02
65 9.593262e-04 4.902579e-02
50 1.426878e-03 5.006020e-02
40 2.001627e-03 4.562229e-02
30 3.101068e-03 3.283102e-02
26 3.858403e-03 2.677259e-02
23 4.654944e-03 1.608522e-02
20 5.768886e-03 2.008257e-06
18 6.784906e-03 4.264552e-15
17 7.410498e-03 8.040793e-16
16 8.138468e-03 -1.370361e-15
15 8.993899e-03 -1.258001e-15
1000 1.572707e-05 5.193397e-02
100 5.007036e-04 5.751723e-02
65 9.593262e-04 4.897204e-02
50 1.426878e-03 4.670222e-02
40 2.001627e-03 4.257636e-02
30 3.101068e-03 3.408339e-02
26 3.858403e-03 2.508676e-02
23 4.654944e-03 1.734170e-02
20 5.768886e-03 2.055328e-06
18 6.784906e-03 4.052220e-15
17 7.410498e-03 8.584021e-16
16 8.138468e-03 -1.289497e-15
15 8.993899e-03 -1.325122e-15
1000 1.572707e-05 5.931884e-02
100 5.007036e-04 5.466940e-02
65 9.593262e-04 4.954551e-02
50 1.426878e-03 4.477307e-02
40 2.001627e-03 4.139644e-02
30 3.101068e-03 3.378516e-02
26 3.858403e-03 2.743068e-02
23 4.654944e-03 1.647596e-02
20 5.768886e-03 2.088771e-06
18 6.784906e-03 4.299760e-15
17 7.410498e-03 8.198037e-16
16 8.138468e-03 -1.369786e-15
15 8.993899e-03 -1.326094e-15
1000 1.572707e-05 6.387855e-02
100 5.007036e-04 5.673681e-02
65 9.593262e-04 5.046320e-02
50 1.426878e-03 4.826503e-02
40 2.001627e-03 4.448255e-02
30 3.101068e-03 3.206079e-02
26 3.858403e-03 2.519077e-02
23 4.654944e-03 1.738932e-02
20 5.768886e-03 1.969951e-06
18 6.784906e-03 4.140961e-15
17 7.410498e-03 9.195725e-16
16 8.138468e-03 -1.331961e-15
15 8.993899e-03 -1.315009e-15
1000 1.572707e-05 5.773776e-02
100 5.007036e-04 5.267855e-02
65 9.593262e-04 5.428198e-02
50 1.426878e-03 4.879120e-02
40 2.001627e-03 4.384339e-02
30 3.101068e-03 3.249010e-02
26 3.858403e-03 2.474254e-02
23 4.654944e-03 1.715873e-02
20 5.768886e-03 2.030383e-06
18 6.784906e-03 4.254249e-15
17 7.410498e-03 8.686211e-16
16 8.138468e-03 -1.412408e-15
15 8.993899e-03 -1.344912e-15
1000 1.572707e-05 6.422585e-02
100 5.007036e-04 5.621433e-02
65 9.593262e-04 4.898768e-02
50 1.426878e-03 4.689619e-02
40 2.001627e-03 4.135351e-02
30 3.101068e-03 3.551359e-02
26 3.858403e-03 2.741227e-02
23 4.654944e-03 1.715542e-02
20 5.768886e-03 2.093696e-06
18 6.784906e-03 4.221976e-15
17 7.410498e-03 8.183691e-16
16 8.138468e-03 -1.341868e-15
15 8.993899e-03 -1.305520e-15
1000 1.572707e-05 6.131730e-02
100 5.007036e-04 5.613188e-02
65 9.593262e-04 4.947980e-02
50 1.426878e-03 4.710846e-02
40 2.001627e-03 4.907376e-02
30 3.101068e-03 3.465207e-02
26 3.858403e-03 2.451350e-02
23 4.654944e-03 1.598116e-02
20 5.768886e-03 2.049706e-06
18 6.784906e-03 4.462309e-15
17 7.410498e-03 8.332062e-16
16 8.138468e-03 -1.374737e-15
15 8.993899e-03 -1.334886e-15
1000 1.572707e-05 5.674667e-02
100 5.007036e-04 5.062326e-02
65 9.593262e-04 4.867497e-02
50 1.426878e-03 4.356091e-02
40 2.001627e-03 4.016102e-02
30 3.101068e-03 3.357644e-02
26 3.858403e-03 2.803358e-02
23 4.654944e-03 1.747170e-02
20 5.768886e-03 2.007243e-06
18 6.784906e-03 4.261531e-15
17 7.410498e-03 8.807232e-16
16 8.138468e-03 -1.304758e-15
15 8.993899e-03 -1.339632e-15
1000 1.572707e-05 6.369604e-02
100 5.007036e-04 5.503769e-02
65 9.593262e-04 5.197517e-02
50 1.426878e-03 4.536741e-02
40 2.001627e-03 3.967605e-02
30 3.101068e-03 3.463402e-02
26 3.858403e-03 2.824896e-02
23 4.654944e-03 1.643379e-02
20 5.768886e-03 2.080084e-06
18 6.784906e-03 4.403080e-15
17 7.410498e-03 7.914478e-16
16 8.138468e-03 -1.357485e-15
15 8.993899e-03 -1.368538e-15
1000 1.572707e-05 6.003723e-02
100 5.007036e-04 5.336794e-02
65 9.593262e-04 4.920922e-02
50 1.426878e-03 4.955884e-02
40 2.001627e-03 4.506629e-02
30 3.101068e-03 3.415906e-02
26 3.858403e-03 2.522259e-02
23 4.654944e-03 1.887044e-02
20 5.768886e-03 2.054278e-06
18 6.784906e-03 4.275654e-15
17 7.410498e-03 8.551338e-16
16 8.138468e-03 -1.425583e-15
15 8.993899e-03 -1.409463e-15
1000 1.572707e-05 5.457343e-02
100 5.007036e-04 5.611942e-02
65 9.593262e-04 4.991709e-02
50 1.426878e-03 4.662835e-02
40 2.001627e-03 4.318442e-02
30 3.101068e-03 3.588044e-02
26 3.858403e-03 2.656386e-02
23 4.654944e-03 1.729977e-02
20 5.768886e-03 2.163012e-06
18 6.784906e-03 4.250655e-15
17 7.410498e-03 7.952860e-16
16 8.138468e-03 -1.433749e-15
15 8.993899e-03 -1.381322e-15
1000 1.572707e-05 5.733088e-02
100 5.007036e-04 5.141232e-02
65 9.593262e-04 5.173813e-02
50 1.426878e-03 4.698991e-02
40 2.001627e-03 4.145693e-02
30 3.101068e-03 3.306075e-02
26 3.858403e-03 2.802743e-02
23 4.654944e-03 1.664502e-02
20 5.768886e-03 1.939661e-06
18 6.784906e-03 4.158782e-15
17 7.410498e-03 8.673228e-16
16 8.138468e-03 -1.375184e-15
15 8.993899e-03 -1.306331e-15
1000 1.572707e-05 6.138465e-02
100 5.007036e-04 5.077253e-02
65 9.593262e-04 4.952947e-02
50 1.426878e-03 4.717569e-02
40 2.001627e-03 4.087856e-02
30 3.101068e-03 3.220074e-02
26 3.858403e-03 2.675975e-02
23 4.654944e-03 1.768067e-02
20 5.768886e-03 2.076123e-06
18 6.784906e-03 4.259331e-15
17 7.410498e-03 7.900703e-16
16 8.138468e-03 -1.258678e-15
15 8.993899e-03 -1.292646e-15
1000 1.572707e-05 5.961021e-02
100 5.007036e-04 5.488821e-02
65 9.593262e-04 5.084147e-02
50 1.426878e-03 4.553707e-02
40 2.001627e-03 3.864673e-02
30 3.101068e-03 3.119776e-02
26 3.858403e-03 2.568005e-02
23 4.654944e-03 1.666023e-02
20 5.768886e-03 2.078154e-06
18 6.784906e-03 4.124485e-15
17 7.410498e-03 8.642614e-16
16 8.138468e-03 -1.377957e-15
15 8.993899e-03 -1.351833e-15
1000 1.572707e-05 6.499604e-02
100 5.007036e-04 5.516836e-02
65 9.593262e-04 5.013921e-02
50 1.426878e-03 4.861029e-02
40 2.001627e-03 4.137707e-02
30 3.101068e-03 3.202065e-02
26 3.858403e-03 2.625500e-02
23 4.654944e-03 1.572096e-02
20 5.768886e-03 2.044613e-06
18 6.784906e-03 4.460406e-15
17 7.410498e-03 8.261023e-16
16 8.138468e-03 -1.443609e-15
15 8.993899e-03 -1.243011e-15
1000 1.572707e-05 5.613129e-02
100 5.007036e-04 5.525876e-02
65 9.593262e-04 5.457882e-02
50 1.426878e-03 4.806661e-02
40 2.001627e-03 3.864118e-02
30 3.101068e-03 3.414887e-02
26 3.858403e-03 2.513533e-02
23 4.654944e-03 1.663068e-02
20 5.768886e-03 2.053430e-06
18 6.784906e-03 4.515465e-15
17 7.410498e-03 8.827770e-16
16 8.138468e-03 -1.346761e-15
15 8.993899e-03 -1.418443e-15
1000 1.572707e-05 5.781866e-02
100 5.007036e-04 5.073042e-02
65 9.593262e-04 5.465860e-02
50 1.426878e-03 4.708415e-02
40 2.001627e-03 4.205465e-02
30 3.101068e-03 3.552576e-02
26 3.858403e-03 2.672301e-02
23 4.654944e-03 1.680781e-02
20 5.768886e-03 2.002038e-06
18 6.784906e-03 4.132072e-15
17 7.410498e-03 7.942044e-16
16 8.138468e-03 -1.286773e-15
15 8.993899e-03 -1.385255e-15
1000 1.572707e-05 5.948540e-02
100 5.007036e-04 5.519816e-02
65 9.593262e-04 4.871565e-02
50 1.426878e-03 4.583988e-02
40 2.001627e-03 4.210468e-02
30 3.101068e-03 3.172704e-02
26 3.858403e-03 2.621423e-02
23 4.654944e-03 1.693899e-02
20 5.768886e-03 2.088573e-06
18 6.784906e-03 4.147887e-15
17 7.410498e-03 8.270864e-16
16 8.138468e-03 -1.438912e-15
15 8.993899e-03 -1.410213e-15
1000 1.572707e-05 6.198092e-02
100 5.007036e-04 5.567411e-02
65 9.593262e-04 4.845093e-02
50 1.426878e-03 4.745105e-02
40 2.001627e-03 4.271676e-02
30 3.101068e-03 3.497721e-02
26 3.858403e-03 2.694271e-02
23 4.654944e-03 1.760291e-02
20 5.768886e-03 1.920667e-06
18 6.784906e-03 4.350630e-15
17 7.410498e-03 8.601423e-16
16 8.138468e-03 -1.292680e-15
15 8.993899e-03 -1.286297e-15
1000 1.572707e-05 6.210508e-02
100 5.007036e-04 4.943822e-02
65 9.593262e-04 4.769919e-02
50 1.426878e-03 4.750692e-02
40 2.001627e-03 4.832390e-02
30 3.101068e-03 3.171629e-02
26 3.858403e-03 2.513971e-02
23 4.654944e-03 1.630360e-02
20 5.768886e-03 2.144069e-06
18 6.784906e-03 4.151629e-15
17 7.410498e-03 8.226421e-16
16 8.138468e-03 -1.380746e-15
15 8.993899e-03 -1.314502e-15
1000 1.572707e-05 6.316814e-02
100 5.007036e-04 5.268325e-02
65 9.593262e-04 5.230934e-02
50 1.426878e-03 4.798490e-02
40 2.001627e-03 4.645341e-02
30 3.101068e-03 3.574731e-02
26 3.858403e-03 2.565563e-02
23 4.654944e-03 1.676058e-02
20 5.768886e-03 2.007199e-06
18 6.784906e-03 4.307672e-15
17 7.410498e-03 8.416985e-16
16 8.138468e-03 -1.441439e-15
15 8.993899e-03 -1.368246e-15
1000 1.572707e-05 5.665766e-02
100 5.007036e-04 5.201644e-02
65 9.593262e-04 5.497230e-02
50 1.426878e-03 4.571023e-02
40 2.001627e-03 4.069759e-02
30 3.101068e-03 3.246503e-02
26 3.858403e-03 2.514331e-02
23 4.654944e-03 1.674066e-02
20 5.768886e-03 1.897904e-06
18 6.784906e-03 4.048033e-15
17 7.410498e-03 8.580447e-16
16 8.138468e-03 -1.288694e-15
15 8.993899e-03 -1.457729e-15
1000 1.572707e-05 5.878197e-02
100 5.007036e-04 5.115868e-02
65 9.593262e-04 4.915965e-02
50 1.426878e-03 4.559478e-02
40 2.001627e-03 4.238816e-02
30 3.101068e-03 3.231420e-02
26 3.858403e-03 2.585664e-02
23 4.654944e-03 1.649609e-02
20 5.768886e-03 1.949784e-06
18 6.784906e-03 4.117803e-15
17 7.410498e-03 7.847195e-16
16 8.138468e-03 -1.338257e-15
15 8.993899e-03 -1.351570e-15
1000 1.572707e-05 5.724952e-02
100 5.007036e-04 5.455529e-02
65 9.593262e-04 5.038924e-02
50 1.426878e-03 4.989625e-02
40 2.001627e-03 4.238052e-02
30 3.101068e-03 3.288640e-02
26 3.858403e-03 2.459078e-02
23 4.654944e-03 1.723938e-02
20 5.768886e-03 1.980864e-06
18 6.784906e-03 4.333785e-15
17 7.410498e-03 8.138303e-16
16 8.138468e-03 -1.306535e-15
15 8.993899e-03 -1.436896e-15
1000 1.572707e-05 5.757255e-02
100 5.007036e-04 5.177966e-02
65 9.593262e-04 4.586934e-02
50 1.426878e-03 4.491631e-02
40 2.001627e-03 4.614990e-02
30 3.101068e-03 3.580987e-02
26 3.858403e-03 2.497112e-02
23 4.654944e-03 1.742328e-02
20 5.768886e-03 2.026233e-06
18 6.784906e-03 4.349965e-15
17 7.410498e-03 8.572251e-16
16 8.138468e-03 -1.287614e-15
15 8.993899e-03 -1.377059e-15
1000 1.572707e-05 6.341984e-02
100 5.007036e-04 5.282362e-02
65 9.593262e-04 5.097165e-02
50 1.426878e-03 4.568775e-02
40 2.001627e-03 4.592589e-02
30 3.101068e-03 3.250176e-02
26 3.858403e-03 2.685214e-02
23 4.654944e-03 1.693846e-02
20 5.768886e-03 1.925218e-06
18 6.784906e-03 4.407036e-15
17 7.410498e-03 7.881457e-16
16 8.138468e-03 -1.436572e-15
15 8.993899e-03 -1.377087e-15
