# k_av S_color
1.000000e+00 0.000000e+00
1.250000e+00 6.242254e-02
1.500000e+00 2.236733e-01
1.750000e+00 3.276959e-01
2.000000e+00 4.649255e-01
2.250000e+00 5.879327e-01
2.500000e+00 6.347245e-01
2.750000e+00 7.035602e-01
3.000000e+00 7.643830e-01
3.250000e+00 8.138949e-01
3.500000e+00 8.505724e-01
3.750000e+00 8.742632e-01
4.000000e+00 9.051949e-01
4.250000e+00 9.223353e-01
4.500000e+00 9.331413e-01
4.750000e+00 9.472262e-01
5.000000e+00 9.569822e-01
5.250000e+00 9.649889e-01
5.500000e+00 9.734026e-01
5.750000e+00 9.774427e-01
6.000000e+00 9.817417e-01
6.250000e+00 9.856174e-01
6.500000e+00 9.880823e-01
6.750000e+00 9.909211e-01
7.000000e+00 9.927018e-01
7.250000e+00 9.937657e-01
7.500000e+00 9.951419e-01
7.750000e+00 9.959713e-01
8.000000e+00 9.969802e-01
8.250000e+00 9.975830e-01
8.500000e+00 9.979933e-01
8.750000e+00 9.983942e-01
9.000000e+00 9.986658e-01
9.250000e+00 9.989737e-01
9.500000e+00 9.991802e-01
9.750000e+00 9.993179e-01
1.000000e+01 9.995006e-01
1.000000e+00 0.000000e+00
1.250000e+00 5.994944e-02
1.500000e+00 2.398135e-01
1.750000e+00 3.678825e-01
2.000000e+00 4.679645e-01
2.250000e+00 5.530732e-01
2.500000e+00 6.505236e-01
2.750000e+00 7.298299e-01
3.000000e+00 7.795471e-01
3.250000e+00 8.096126e-01
3.500000e+00 8.487351e-01
3.750000e+00 8.763108e-01
4.000000e+00 9.017805e-01
4.250000e+00 9.197692e-01
4.500000e+00 9.320224e-01
4.750000e+00 9.452796e-01
5.000000e+00 9.569779e-01
5.250000e+00 9.664347e-01
5.500000e+00 9.727870e-01
5.750000e+00 9.784942e-01
6.000000e+00 9.821873e-01
6.250000e+00 9.859940e-01
6.500000e+00 9.874471e-01
6.750000e+00 9.909212e-01
7.000000e+00 9.927017e-01
7.250000e+00 9.935790e-01
7.500000e+00 9.952974e-01
7.750000e+00 9.962300e-01
8.000000e+00 9.968729e-01
8.250000e+00 9.974940e-01
8.500000e+00 9.979198e-01
8.750000e+00 9.983335e-01
9.000000e+00 9.986658e-01
9.250000e+00 9.988914e-01
9.500000e+00 9.992140e-01
9.750000e+00 9.993733e-01
1.000000e+01 9.994779e-01
1.000000e+00 0.000000e+00
1.250000e+00 6.279067e-02
# k_av S_color
1.000000e+00 0.000000e+00
1.050000e+00 8.412229e-05
1.100000e+00 5.129614e-03
1.150000e+00 2.391570e-02
1.200000e+00 4.327644e-02
1.250000e+00 5.629930e-02
1.300000e+00 9.765749e-02
1.350000e+00 1.290746e-01
1.400000e+00 1.465642e-01
1.450000e+00 2.112522e-01
1.500000e+00 1.909358e-01
1.550000e+00 2.226377e-01
1.600000e+00 2.793313e-01
1.650000e+00 3.260353e-01
1.700000e+00 3.225417e-01
1.750000e+00 3.520610e-01
1.800000e+00 3.679050e-01
1.850000e+00 3.834566e-01
1.900000e+00 4.160027e-01
1.950000e+00 4.520468e-01
2.000000e+00 4.558613e-01
1.000000e+00 0.000000e+00
1.050000e+00 3.220149e-05
1.100000e+00 6.613828e-03
1.150000e+00 1.996885e-02
1.200000e+00 4.260274e-02
1.250000e+00 6.074827e-02
1.300000e+00 8.815687e-02
1.350000e+00 1.225008e-01
1.400000e+00 1.547232e-01
1.450000e+00 1.946701e-01
1.500000e+00 2.161565e-01
1.550000e+00 2.315471e-01
1.600000e+00 2.473471e-01
1.650000e+00 2.691382e-01
1.700000e+00 3.039381e-01
1.750000e+00 3.856663e-01
1.800000e+00 3.875707e-01
1.850000e+00 3.755814e-01
1.900000e+00 4.218440e-01
1.950000e+00 4.510189e-01
2.000000e+00 4.609503e-01
1.000000e+00 0.000000e+00
1.050000e+00 2.570781e-05
1.100000e+00 6.701428e-03
1.150000e+00 2.627288e-02
1.200000e+00 3.916239e-02
1.250000e+00 7.274557e-02
1.300000e+00 1.096896e-01
1.350000e+00 1.325612e-01
1.400000e+00 1.531894e-01
1.450000e+00 1.715524e-01
1.500000e+00 1.811761e-01
1.550000e+00 2.508439e-01
1.600000e+00 2.516429e-01
1.650000e+00 2.702404e-01
1.700000e+00 3.170862e-01
1.750000e+00 3.108018e-01
1.800000e+00 3.743189e-01
1.850000e+00 4.046527e-01
1.900000e+00 4.351784e-01
1.950000e+00 4.573569e-01
2.000000e+00 4.894221e-01
1.000000e+00 0.000000e+00
1.050000e+00 4.104206e-04
1.100000e+00 6.316356e-03
1.150000e+00 1.494707e-02
1.200000e+00 4.713364e-02
1.250000e+00 5.323821e-02
1.300000e+00 8.267472e-02
1.350000e+00 1.172675e-01
1.400000e+00 1.583081e-01
1.450000e+00 1.783243e-01
1.500000e+00 2.099098e-01
1.550000e+00 2.287548e-01
1.600000e+00 2.565377e-01
1.650000e+00 3.163761e-01
1.700000e+00 3.279226e-01
1.750000e+00 3.521012e-01
1.800000e+00 3.704253e-01
1.850000e+00 3.850266e-01
1.900000e+00 4.085673e-01
1.950000e+00 4.321458e-01
2.000000e+00 4.616854e-01
1.000000e+00 0.000000e+00
1.050000e+00 7.944321e-05
1.100000e+00 6.137479e-03
1.150000e+00 2.209537e-02
1.200000e+00 3.332091e-02
1.250000e+00 7.094729e-02
1.300000e+00 9.310909e-02
1.350000e+00 1.048267e-01
1.400000e+00 1.709505e-01
1.450000e+00 1.800959e-01
1.500000e+00 1.716251e-01
1.550000e+00 2.413277e-01
1.600000e+00 2.566431e-01
1.650000e+00 2.781473e-01
1.700000e+00 3.270429e-01
1.750000e+00 3.185379e-01
1.800000e+00 3.727719e-01
1.850000e+00 3.760909e-01
1.900000e+00 4.318758e-01
1.950000e+00 4.584728e-01
2.000000e+00 4.653992e-01
1.000000e+00 0.000000e+00
1.050000e+00 7.228623e-05
1.100000e+00 6.859840e-03
1.150000e+00 1.626337e-02
1.200000e+00 4.458177e-02
1.250000e+00 6.624384e-02
1.300000e+00 1.014852e-01
1.350000e+00 1.229319e-01
1.400000e+00 1.753775e-01
1.450000e+00 1.759889e-01
1.500000e+00 2.195457e-01
1.550000e+00 2.400008e-01
1.600000e+00 2.897263e-01
1.650000e+00 2.872997e-01
1.700000e+00 3.444254e-01
1.750000e+00 3.344301e-01
1.800000e+00 3.983455e-01
1.850000e+00 3.898273e-01
1.900000e+00 4.277623e-01
1.950000e+00 4.515869e-01
2.000000e+00 4.534332e-01
1.000000e+00 0.000000e+00
1.050000e+00 7.933146e-05
1.100000e+00 4.041178e-03
1.150000e+00 1.703243e-02
1.200000e+00 4.374763e-02
1.250000e+00 7.126293e-02
1.300000e+00 8.795713e-02
1.350000e+00 1.084071e-01
1.400000e+00 1.390977e-01
1.450000e+00 1.758890e-01
1.500000e+00 1.930423e-01
1.550000e+00 2.294328e-01
1.600000e+00 2.612266e-01
1.650000e+00 2.584587e-01
1.700000e+00 3.230028e-01
1.750000e+00 3.663036e-01
1.800000e+00 3.918103e-01
1.850000e+00 4.268037e-01
1.900000e+00 4.435154e-01
1.950000e+00 4.301884e-01
2.000000e+00 4.342981e-01
1.000000e+00 0.000000e+00
1.050000e+00 1.250776e-04
1.100000e+00 4.817222e-03
1.150000e+00 1.527676e-02
1.200000e+00 3.467161e-02
1.250000e+00 4.419276e-02
1.300000e+00 9.608779e-02
1.350000e+00 1.364152e-01
1.400000e+00 1.519623e-01
1.450000e+00 1.977647e-01
1.500000e+00 1.995597e-01
1.550000e+00 2.422251e-01
1.600000e+00 2.773801e-01
1.650000e+00 2.966132e-01
1.700000e+00 2.967779e-01
1.750000e+00 3.586999e-01
1.800000e+00 3.833208e-01
1.850000e+00 4.059597e-01
1.900000e+00 4.100603e-01
1.950000e+00 4.516287e-01
2.000000e+00 4.484558e-01
1.000000e+00 0.000000e+00
1.050000e+00 1.174525e-04
1.100000e+00 4.000230e-03
1.150000e+00 1.953855e-02
1.200000e+00 4.839456e-02
1.250000e+00 6.303380e-02
1.300000e+00 9.028445e-02
1.350000e+00 1.184586e-01
1.400000e+00 1.619856e-01
1.450000e+00 1.856737e-01
1.500000e+00 2.269854e-01
1.550000e+00 2.285761e-01
1.600000e+00 2.617916e-01
1.650000e+00 2.979140e-01
1.700000e+00 3.048754e-01
1.750000e+00 3.375274e-01
1.800000e+00 3.551490e-01
1.850000e+00 4.063003e-01
1.900000e+00 4.466252e-01
1.950000e+00 4.209858e-01
2.000000e+00 4.723873e-01
1.000000e+00 0.000000e+00
1.050000e+00 5.605261e-05
1.100000e+00 3.509733e-03
1.150000e+00 2.120233e-02
1.200000e+00 5.301698e-02
1.250000e+00 5.778603e-02
1.300000e+00 8.934686e-02
1.350000e+00 1.063616e-01
1.400000e+00 1.242579e-01
1.450000e+00 1.683753e-01
1.500000e+00 2.081652e-01
1.550000e+00 2.271834e-01
1.600000e+00 2.560843e-01
1.650000e+00 2.726650e-01
1.700000e+00 3.304534e-01
1.750000e+00 3.263133e-01
1.800000e+00 3.667356e-01
1.850000e+00 4.045648e-01
1.900000e+00 4.188525e-01
1.950000e+00 4.559360e-01
2.000000e+00 4.523073e-01
1.000000e+00 0.000000e+00
1.050000e+00 1.385412e-04
1.100000e+00 5.779120e-03
1.150000e+00 1.476616e-02
1.200000e+00 5.130851e-02
1.250000e+00 6.369807e-02
1.300000e+00 1.027801e-01
1.350000e+00 1.157738e-01
1.400000e+00 1.420101e-01
1.450000e+00 1.659283e-01
1.500000e+00 2.196631e-01
1.550000e+00 2.429578e-01
1.600000e+00 2.615309e-01
1.650000e+00 2.984920e-01
1.700000e+00 3.262437e-01
1.750000e+00 3.500777e-01
1.800000e+00 3.678393e-01
1.850000e+00 3.812631e-01
1.900000e+00 4.120281e-01
1.950000e+00 4.540228e-01
2.000000e+00 4.655531e-01
1.000000e+00 0.000000e+00
1.050000e+00 7.907786e-05
1.100000e+00 6.420440e-03
1.150000e+00 1.622376e-02
1.200000e+00 4.830962e-02
1.250000e+00 4.818353e-02
1.300000e+00 7.918094e-02
1.350000e+00 1.050517e-01
1.400000e+00 1.677524e-01
1.450000e+00 1.917134e-01
1.500000e+00 2.065874e-01
1.550000e+00 2.247540e-01
1.600000e+00 2.682927e-01
1.650000e+00 2.924079e-01
1.700000e+00 3.336752e-01
1.750000e+00 3.362460e-01
1.800000e+00 3.699965e-01
1.850000e+00 4.058923e-01
1.900000e+00 4.160407e-01
1.950000e+00 4.404843e-01
2.000000e+00 4.430684e-01
1.000000e+00 0.000000e+00
1.050000e+00 6.052826e-05
1.100000e+00 6.858827e-03
1.150000e+00 2.226479e-02
1.200000e+00 3.810117e-02
1.250000e+00 7.204330e-02
1.300000e+00 8.794095e-02
1.350000e+00 1.134932e-01
1.400000e+00 1.413599e-01
1.450000e+00 1.798546e-01
1.500000e+00 1.938542e-01
1.550000e+00 2.514214e-01
1.600000e+00 2.754133e-01
1.650000e+00 2.799015e-01
1.700000e+00 3.095039e-01
1.750000e+00 3.413403e-01
1.800000e+00 3.547438e-01
1.850000e+00 3.966341e-01
1.900000e+00 4.188873e-01
1.950000e+00 4.368713e-01
2.000000e+00 5.003520e-01
1.000000e+00 0.000000e+00
1.050000e+00 3.621114e-04
1.100000e+00 3.625769e-03
1.150000e+00 1.810855e-02
1.200000e+00 4.338295e-02
1.250000e+00 7.025932e-02
1.300000e+00 9.166693e-02
1.350000e+00 9.101012e-02
1.400000e+00 1.606260e-01
1.450000e+00 1.865132e-01
1.500000e+00 2.123564e-01
1.550000e+00 2.291403e-01
1.600000e+00 2.756934e-01
1.650000e+00 2.799958e-01
1.700000e+00 3.403006e-01
1.750000e+00 3.473653e-01
1.800000e+00 3.861418e-01
1.850000e+00 4.104088e-01
1.900000e+00 3.983975e-01
1.950000e+00 4.284933e-01
2.000000e+00 4.718096e-01
1.000000e+00 0.000000e+00
1.050000e+00 6.805628e-05
1.100000e+00 4.376888e-03
1.150000e+00 1.668626e-02
1.200000e+00 4.520516e-02
1.250000e+00 6.122443e-02
1.300000e+00 8.328539e-02
1.350000e+00 1.033790e-01
1.400000e+00 1.531711e-01
1.450000e+00 1.830213e-01
1.500000e+00 2.190628e-01
1.550000e+00 2.399222e-01
1.600000e+00 2.783545e-01
1.650000e+00 2.790441e-01
1.700000e+00 3.122089e-01
1.750000e+00 3.621537e-01
1.800000e+00 3.723655e-01
1.850000e+00 4.088921e-01
1.900000e+00 4.103923e-01
1.950000e+00 4.392187e-01
2.000000e+00 4.732906e-01
1.000000e+00 0.000000e+00
1.050000e+00 1.049997e-04
1.100000e+00 3.827350e-03
1.150000e+00 2.367570e-02
1.200000e+00 3.267145e-02
1.250000e+00 6.769552e-02
1.300000e+00 8.520576e-02
1.350000e+00 1.332412e-01
1.400000e+00 1.463061e-01
1.450000e+00 1.724520e-01
1.500000e+00 2.062722e-01
1.550000e+00 2.241759e-01
1.600000e+00 2.372646e-01
1.650000e+00 3.037413e-01
1.700000e+00 3.325705e-01
1.750000e+00 3.400365e-01
1.800000e+00 3.824246e-01
1.850000e+00 3.912549e-01
1.900000e+00 4.426299e-01
1.950000e+00 4.242676e-01
2.000000e+00 4.788608e-01
1.000000e+00 0.000000e+00
1.050000e+00 1.491630e-04
1.100000e+00 8.342972e-03
1.150000e+00 2.226169e-02
1.200000e+00 3.178046e-02
1.250000e+00 6.657235e-02
1.300000e+00 8.578213e-02
1.350000e+00 1.056500e-01
1.400000e+00 1.440544e-01
1.450000e+00 1.956505e-01
1.500000e+00 2.075151e-01
1.550000e+00 2.187224e-01
1.600000e+00 2.961147e-01
1.650000e+00 2.920819e-01
1.700000e+00 3.217118e-01
1.750000e+00 3.621023e-01
1.800000e+00 3.643003e-01
1.850000e+00 4.106310e-01
1.900000e+00 4.144386e-01
1.950000e+00 4.214426e-01
2.000000e+00 4.660478e-01
1.000000e+00 0.000000e+00
1.050000e+00 6.786640e-05
1.100000e+00 7.861857e-03
1.150000e+00 2.700486e-02
1.200000e+00 3.484939e-02
1.250000e+00 8.115491e-02
1.300000e+00 8.594693e-02
1.350000e+00 1.241872e-01
1.400000e+00 1.245528e-01
1.450000e+00 1.717796e-01
1.500000e+00 1.997572e-01
1.550000e+00 2.257442e-01
1.600000e+00 2.508805e-01
1.650000e+00 2.842519e-01
1.700000e+00 3.600911e-01
1.750000e+00 3.491273e-01
1.800000e+00 3.720692e-01
1.850000e+00 4.025350e-01
1.900000e+00 4.280631e-01
1.950000e+00 4.690015e-01
2.000000e+00 4.759045e-01
1.000000e+00 0.000000e+00
1.050000e+00 1.522194e-04
1.100000e+00 3.443387e-03
1.150000e+00 2.109417e-02
1.200000e+00 4.251058e-02
1.250000e+00 8.021574e-02
1.300000e+00 6.927757e-02
1.350000e+00 1.191628e-01
1.400000e+00 1.349731e-01
1.450000e+00 1.697054e-01
1.500000e+00 1.842733e-01
1.550000e+00 2.549501e-01
1.600000e+00 2.352841e-01
1.650000e+00 2.862677e-01
1.700000e+00 3.197297e-01
1.750000e+00 3.750365e-01
1.800000e+00 3.759011e-01
1.850000e+00 3.782422e-01
1.900000e+00 3.982746e-01
1.950000e+00 4.444085e-01
2.000000e+00 4.544955e-01
1.000000e+00 0.000000e+00
1.050000e+00 3.269864e-04
1.100000e+00 3.164551e-03
1.150000e+00 2.186819e-02
1.200000e+00 4.125971e-02
1.250000e+00 6.173359e-02
1.300000e+00 9.776189e-02
1.350000e+00 1.073155e-01
1.400000e+00 1.547027e-01
1.450000e+00 1.737603e-01
1.500000e+00 2.126714e-01
1.550000e+00 2.170124e-01
1.600000e+00 2.774038e-01
1.650000e+00 3.076726e-01
1.700000e+00 3.242023e-01
1.750000e+00 3.480381e-01
1.800000e+00 3.733718e-01
1.850000e+00 4.109933e-01
1.900000e+00 4.210032e-01
1.950000e+00 4.381648e-01
2.000000e+00 4.707509e-01
1.000000e+00 0.000000e+00
1.050000e+00 1.803892e-04
1.100000e+00 5.057896e-03
1.150000e+00 2.361955e-02
1.200000e+00 4.424686e-02
1.250000e+00 5.418894e-02
1.300000e+00 8.803731e-02
1.350000e+00 1.185248e-01
1.400000e+00 1.480412e-01
1.450000e+00 1.895170e-01
1.500000e+00 2.300809e-01
1.550000e+00 2.310317e-01
1.600000e+00 2.736637e-01
1.650000e+00 2.975365e-01
1.700000e+00 3.453497e-01
1.750000e+00 3.682325e-01
1.800000e+00 3.956187e-01
1.850000e+00 3.741902e-01
1.900000e+00 4.470580e-01
1.950000e+00 4.477752e-01
2.000000e+00 4.805582e-01
1.000000e+00 0.000000e+00
1.050000e+00 1.506993e-04
1.100000e+00 4.937992e-03
1.150000e+00 1.622914e-02
1.200000e+00 4.055223e-02
1.250000e+00 6.716751e-02
1.300000e+00 9.132923e-02
1.350000e+00 1.063538e-01
1.400000e+00 1.414504e-01
1.450000e+00 1.686322e-01
1.500000e+00 1.806847e-01
1.550000e+00 2.201151e-01
1.600000e+00 2.671347e-01
1.650000e+00 2.997393e-01
1.700000e+00 3.315648e-01
1.750000e+00 3.592046e-01
1.800000e+00 3.655287e-01
1.850000e+00 3.921551e-01
1.900000e+00 4.111196e-01
1.950000e+00 4.509585e-01
2.000000e+00 4.716937e-01
1.000000e+00 0.000000e+00
1.050000e+00 1.985239e-04
1.100000e+00 5.662677e-03
1.150000e+00 2.363454e-02
1.200000e+00 3.246049e-02
1.250000e+00 8.180518e-02
1.300000e+00 8.972081e-02
1.350000e+00 1.152206e-01
1.400000e+00 1.549279e-01
1.450000e+00 1.793852e-01
1.500000e+00 2.007437e-01
1.550000e+00 2.326223e-01
1.600000e+00 2.764691e-01
1.650000e+00 3.134353e-01
1.700000e+00 3.112007e-01
1.750000e+00 3.459678e-01
1.800000e+00 3.628434e-01
1.850000e+00 4.076144e-01
1.900000e+00 4.207651e-01
1.950000e+00 4.334232e-01
2.000000e+00 4.673926e-01
1.000000e+00 0.000000e+00
1.050000e+00 1.669312e-04
1.100000e+00 8.340066e-03
1.150000e+00 2.573578e-02
1.200000e+00 5.060208e-02
1.250000e+00 6.479505e-02
1.300000e+00 1.001417e-01
1.350000e+00 1.102615e-01
1.400000e+00 1.389880e-01
1.450000e+00 1.765890e-01
1.500000e+00 1.913410e-01
1.550000e+00 2.427114e-01
1.600000e+00 2.511382e-01
1.650000e+00 3.015960e-01
1.700000e+00 3.369035e-01
1.750000e+00 3.496656e-01
1.800000e+00 3.682984e-01
1.850000e+00 3.807638e-01
1.900000e+00 4.115821e-01
1.950000e+00 4.419152e-01
2.000000e+00 4.728548e-01
1.000000e+00 0.000000e+00
1.050000e+00 4.839625e-05
1.100000e+00 7.895378e-03
1.150000e+00 1.900632e-02
1.200000e+00 4.003632e-02
1.250000e+00 5.244866e-02
1.300000e+00 9.355049e-02
1.350000e+00 1.252507e-01
1.400000e+00 1.604326e-01
1.450000e+00 1.901349e-01
1.500000e+00 2.122008e-01
1.550000e+00 2.275526e-01
1.600000e+00 2.514738e-01
1.650000e+00 2.910572e-01
1.700000e+00 3.054518e-01
1.750000e+00 3.478996e-01
1.800000e+00 3.616202e-01
1.850000e+00 3.788884e-01
1.900000e+00 4.397649e-01
1.950000e+00 4.352787e-01
2.000000e+00 4.781398e-01
1.000000e+00 0.000000e+00
1.050000e+00 2.488836e-05
1.100000e+00 5.008899e-03
1.150000e+00 2.504459e-02
1.200000e+00 3.844134e-02
1.250000e+00 5.079305e-02
1.300000e+00 8.384749e-02
1.350000e+00 1.318160e-01
1.400000e+00 1.429800e-01
1.450000e+00 1.890353e-01
1.500000e+00 2.124907e-01
1.550000e+00 2.213603e-01
1.600000e+00 2.864621e-01
1.650000e+00 2.915751e-01
1.700000e+00 2.869691e-01
1.750000e+00 3.459725e-01
1.800000e+00 3.948429e-01
1.850000e+00 3.892161e-01
1.900000e+00 4.206324e-01
1.950000e+00 4.538206e-01
2.000000e+00 4.673786e-01
1.000000e+00 0.000000e+00
1.050000e+00 1.080850e-04
1.100000e+00 4.050748e-03
1.150000e+00 2.392391e-02
1.200000e+00 3.877024e-02
1.250000e+00 7.428013e-02
1.300000e+00 1.057391e-01
1.350000e+00 1.215447e-01
1.400000e+00 1.517760e-01
1.450000e+00 1.826072e-01
1.500000e+00 2.127274e-01
1.550000e+00 2.354130e-01
1.600000e+00 2.470611e-01
1.650000e+00 2.817812e-01
1.700000e+00 3.251487e-01
1.750000e+00 3.383659e-01
1.800000e+00 3.763023e-01
1.850000e+00 3.737930e-01
1.900000e+00 4.279918e-01
1.950000e+00 4.224711e-01
2.000000e+00 4.769779e-01
1.000000e+00 0.000000e+00
1.050000e+00 2.131943e-04
1.100000e+00 8.427786e-03
1.150000e+00 1.885911e-02
1.200000e+00 4.689217e-02
1.250000e+00 5.654712e-02
1.300000e+00 9.631957e-02
1.350000e+00 9.451048e-02
1.400000e+00 1.667216e-01
1.450000e+00 1.845573e-01
1.500000e+00 2.083137e-01
1.550000e+00 2.191987e-01
1.600000e+00 2.418298e-01
1.650000e+00 3.040318e-01
1.700000e+00 3.073392e-01
1.750000e+00 3.525102e-01
1.800000e+00 3.574345e-01
1.850000e+00 4.048710e-01
1.900000e+00 4.077355e-01
1.950000e+00 4.573899e-01
2.000000e+00 4.692687e-01
1.000000e+00 0.000000e+00
1.050000e+00 8.654479e-05
1.100000e+00 4.278036e-03
1.150000e+00 2.075517e-02
1.200000e+00 3.602138e-02
1.250000e+00 6.053822e-02
1.300000e+00 9.748600e-02
1.350000e+00 1.120972e-01
1.400000e+00 1.551353e-01
1.450000e+00 1.675276e-01
1.500000e+00 2.184488e-01
1.550000e+00 2.217932e-01
1.600000e+00 2.679218e-01
1.650000e+00 2.966015e-01
1.700000e+00 3.223174e-01
1.750000e+00 3.222922e-01
1.800000e+00 3.540190e-01
1.850000e+00 3.894912e-01
1.900000e+00 4.260296e-01
1.950000e+00 4.451000e-01
2.000000e+00 4.562306e-01
1.000000e+00 0.000000e+00
1.050000e+00 1.161066e-04
1.100000e+00 4.486328e-03
1.150000e+00 1.196628e-02
1.200000e+00 3.999401e-02
1.250000e+00 6.638251e-02
1.300000e+00 7.992303e-02
1.350000e+00 1.168697e-01
1.400000e+00 1.450308e-01
1.450000e+00 1.686272e-01
1.500000e+00 2.059480e-01
1.550000e+00 2.013259e-01
1.600000e+00 2.624613e-01
1.650000e+00 2.992777e-01
1.700000e+00 3.294177e-01
1.750000e+00 3.396165e-01
1.800000e+00 3.645927e-01
1.850000e+00 4.014193e-01
1.900000e+00 4.457003e-01
1.950000e+00 4.254489e-01
2.000000e+00 4.588209e-01
1.000000e+00 0.000000e+00
1.050000e+00 1.047822e-04
1.100000e+00 5.497424e-03
1.150000e+00 2.277565e-02
1.200000e+00 4.237664e-02
1.250000e+00 6.175586e-02
1.300000e+00 1.017437e-01
1.350000e+00 1.091577e-01
1.400000e+00 1.519628e-01
1.450000e+00 1.877093e-01
1.500000e+00 1.990212e-01
1.550000e+00 2.407212e-01
1.600000e+00 2.556124e-01
1.650000e+00 2.968079e-01
1.700000e+00 3.089005e-01
1.750000e+00 3.407743e-01
1.800000e+00 3.717460e-01
1.850000e+00 4.035706e-01
1.900000e+00 4.243246e-01
1.950000e+00 4.252224e-01
2.000000e+00 4.795966e-01
1.000000e+00 0.000000e+00
1.050000e+00 7.898588e-05
1.100000e+00 3.502607e-03
1.150000e+00 2.140709e-02
1.200000e+00 4.322937e-02
1.250000e+00 5.146826e-02
1.300000e+00 8.725459e-02
1.350000e+00 1.368308e-01
1.400000e+00 1.370556e-01
1.450000e+00 1.825500e-01
1.500000e+00 1.911413e-01
1.550000e+00 2.302499e-01
1.600000e+00 2.658672e-01
1.650000e+00 2.963294e-01
1.700000e+00 3.194648e-01
1.750000e+00 3.386267e-01
1.800000e+00 3.667560e-01
1.850000e+00 3.807754e-01
1.900000e+00 4.156172e-01
1.950000e+00 4.342642e-01
2.000000e+00 4.627522e-01
1.000000e+00 0.000000e+00
1.050000e+00 4.730424e-05
1.100000e+00 3.828783e-03
1.150000e+00 2.406634e-02
1.200000e+00 3.652232e-02
1.250000e+00 6.758971e-02
1.300000e+00 8.288229e-02
1.350000e+00 1.217775e-01
1.400000e+00 1.449592e-01
1.450000e+00 1.736175e-01
1.500000e+00 1.997774e-01
1.550000e+00 2.447254e-01
1.600000e+00 2.600897e-01
1.650000e+00 2.844020e-01
1.700000e+00 3.128921e-01
1.750000e+00 3.746373e-01
1.800000e+00 3.667777e-01
1.850000e+00 3.874732e-01
1.900000e+00 4.244096e-01
1.950000e+00 4.264889e-01
2.000000e+00 4.383621e-01
1.000000e+00 0.000000e+00
1.050000e+00 5.935568e-05
1.100000e+00 7.477602e-03
1.150000e+00 2.674420e-02
1.200000e+00 4.733231e-02
1.250000e+00 7.693955e-02
1.300000e+00 7.692826e-02
1.350000e+00 1.169539e-01
1.400000e+00 1.449740e-01
1.450000e+00 1.910868e-01
1.500000e+00 1.972566e-01
1.550000e+00 2.340803e-01
1.600000e+00 2.754509e-01
1.650000e+00 2.808467e-01
1.700000e+00 2.854966e-01
1.750000e+00 3.430691e-01
1.800000e+00 3.884230e-01
1.850000e+00 4.132018e-01
1.900000e+00 4.119817e-01
1.950000e+00 4.731815e-01
2.000000e+00 4.825542e-01
1.000000e+00 0.000000e+00
1.050000e+00 4.336378e-05
1.100000e+00 4.472581e-03
1.150000e+00 2.452923e-02
1.200000e+00 4.533887e-02
1.250000e+00 6.084415e-02
1.300000e+00 1.004446e-01
1.350000e+00 1.279009e-01
1.400000e+00 1.334842e-01
1.450000e+00 1.737762e-01
1.500000e+00 2.182804e-01
1.550000e+00 2.412310e-01
1.600000e+00 2.771754e-01
1.650000e+00 2.869373e-01
1.700000e+00 3.353821e-01
1.750000e+00 3.384138e-01
1.800000e+00 3.473075e-01
1.850000e+00 3.559441e-01
1.900000e+00 4.216991e-01
1.950000e+00 4.172175e-01
2.000000e+00 4.673439e-01
1.000000e+00 0.000000e+00
1.050000e+00 4.017235e-05
1.100000e+00 4.436060e-03
1.150000e+00 1.751946e-02
1.200000e+00 3.845397e-02
1.250000e+00 7.414528e-02
1.300000e+00 8.268050e-02
1.350000e+00 1.124211e-01
1.400000e+00 1.495513e-01
1.450000e+00 1.800902e-01
1.500000e+00 2.095144e-01
1.550000e+00 2.528998e-01
1.600000e+00 2.667541e-01
1.650000e+00 2.980281e-01
1.700000e+00 3.234511e-01
1.750000e+00 3.491613e-01
1.800000e+00 3.691407e-01
1.850000e+00 4.049936e-01
1.900000e+00 4.166895e-01
1.950000e+00 4.414304e-01
2.000000e+00 4.549594e-01
1.000000e+00 0.000000e+00
1.050000e+00 8.284260e-05
1.100000e+00 7.060580e-03
1.150000e+00 1.918667e-02
1.200000e+00 4.249230e-02
1.250000e+00 6.064162e-02
1.300000e+00 8.290471e-02
1.350000e+00 1.323450e-01
1.400000e+00 1.675905e-01
1.450000e+00 1.762331e-01
1.500000e+00 1.955419e-01
1.550000e+00 2.158046e-01
1.600000e+00 3.002648e-01
1.650000e+00 3.057683e-01
1.700000e+00 3.338226e-01
1.750000e+00 3.498421e-01
1.800000e+00 3.625501e-01
1.850000e+00 3.836160e-01
1.900000e+00 4.320483e-01
1.950000e+00 4.359706e-01
2.000000e+00 4.705088e-01
1.000000e+00 0.000000e+00
1.050000e+00 1.307225e-04
1.100000e+00 5.606887e-03
1.150000e+00 1.995624e-02
1.200000e+00 3.156838e-02
1.250000e+00 6.664449e-02
1.300000e+00 9.242795e-02
1.350000e+00 1.035176e-01
1.400000e+00 1.271069e-01
1.450000e+00 1.855751e-01
1.500000e+00 1.903017e-01
1.550000e+00 2.381793e-01
1.600000e+00 2.706357e-01
1.650000e+00 3.008672e-01
1.700000e+00 3.099628e-01
1.750000e+00 3.771598e-01
1.800000e+00 3.596743e-01
1.850000e+00 4.183500e-01
1.900000e+00 4.093351e-01
1.950000e+00 4.254532e-01
2.000000e+00 4.704254e-01
1.000000e+00 0.000000e+00
1.050000e+00 3.172809e-04
1.100000e+00 5.975951e-03
1.150000e+00 2.484349e-02
1.200000e+00 3.876710e-02
1.250000e+00 7.864899e-02
1.300000e+00 9.869558e-02
1.350000e+00 1.217282e-01
1.400000e+00 1.922862e-01
1.450000e+00 1.799009e-01
1.500000e+00 1.757994e-01
1.550000e+00 2.363243e-01
1.600000e+00 2.538199e-01
1.650000e+00 2.946241e-01
1.700000e+00 2.934974e-01
1.750000e+00 3.726494e-01
1.800000e+00 3.707195e-01
1.850000e+00 3.694448e-01
1.900000e+00 4.206716e-01
1.950000e+00 4.608142e-01
2.000000e+00 4.591729e-01
1.000000e+00 0.000000e+00
1.050000e+00 1.562396e-04
1.100000e+00 4.752738e-03
1.150000e+00 2.433054e-02
1.200000e+00 4.868611e-02
1.250000e+00 6.186206e-02
1.300000e+00 9.139734e-02
1.350000e+00 1.126789e-01
1.400000e+00 1.513122e-01
1.450000e+00 1.819672e-01
1.500000e+00 2.145293e-01
1.550000e+00 2.600950e-01
1.600000e+00 2.646095e-01
1.650000e+00 3.117519e-01
1.700000e+00 2.875126e-01
1.750000e+00 3.536655e-01
1.800000e+00 3.807287e-01
1.850000e+00 4.059465e-01
1.900000e+00 4.253489e-01
1.950000e+00 4.312649e-01
2.000000e+00 4.911464e-01
1.000000e+00 0.000000e+00
1.050000e+00 1.631449e-05
1.100000e+00 4.638358e-03
1.150000e+00 1.807423e-02
1.200000e+00 4.496377e-02
1.250000e+00 6.833965e-02
1.300000e+00 8.758075e-02
1.350000e+00 1.118743e-01
1.400000e+00 1.314165e-01
1.450000e+00 1.640275e-01
1.500000e+00 1.963892e-01
1.550000e+00 2.463663e-01
1.600000e+00 2.498500e-01
1.650000e+00 2.690114e-01
1.700000e+00 3.086585e-01
1.750000e+00 3.225057e-01
1.800000e+00 3.703838e-01
1.850000e+00 3.892466e-01
1.900000e+00 4.022962e-01
1.950000e+00 4.479412e-01
2.000000e+00 4.548924e-01
1.000000e+00 0.000000e+00
1.050000e+00 1.400966e-04
1.100000e+00 7.693286e-03
1.150000e+00 2.303295e-02
1.200000e+00 4.213446e-02
1.250000e+00 5.920767e-02
1.300000e+00 8.640890e-02
1.350000e+00 1.102044e-01
1.400000e+00 1.465212e-01
1.450000e+00 1.858526e-01
1.500000e+00 2.084729e-01
1.550000e+00 2.552836e-01
1.600000e+00 2.863938e-01
1.650000e+00 2.902129e-01
1.700000e+00 3.271878e-01
1.750000e+00 3.402689e-01
1.800000e+00 3.631499e-01
1.850000e+00 4.042177e-01
1.900000e+00 4.410632e-01
1.950000e+00 4.368066e-01
2.000000e+00 4.580417e-01
1.000000e+00 0.000000e+00
1.050000e+00 5.485074e-05
1.100000e+00 4.261271e-03
1.150000e+00 1.863288e-02
1.200000e+00 3.758586e-02
1.250000e+00 5.286449e-02
1.300000e+00 7.574685e-02
1.350000e+00 1.177142e-01
1.400000e+00 1.642093e-01
1.450000e+00 1.902731e-01
1.500000e+00 1.961697e-01
1.550000e+00 2.256566e-01
1.600000e+00 2.659057e-01
1.650000e+00 2.706346e-01
1.700000e+00 3.019824e-01
1.750000e+00 3.088418e-01
1.800000e+00 3.766362e-01
1.850000e+00 3.924626e-01
1.900000e+00 4.138868e-01
1.950000e+00 4.438268e-01
2.000000e+00 4.433370e-01
1.000000e+00 0.000000e+00
1.050000e+00 1.500280e-04
1.100000e+00 5.883422e-03
1.150000e+00 2.693717e-02
1.200000e+00 4.944982e-02
1.250000e+00 7.025214e-02
1.300000e+00 1.067708e-01
1.350000e+00 1.194108e-01
1.400000e+00 1.681402e-01
1.450000e+00 1.855308e-01
1.500000e+00 1.882016e-01
1.550000e+00 2.210291e-01
1.600000e+00 2.652205e-01
1.650000e+00 2.859919e-01
1.700000e+00 3.015341e-01
1.750000e+00 3.501506e-01
1.800000e+00 3.487054e-01
1.850000e+00 4.140175e-01
1.900000e+00 3.972849e-01
1.950000e+00 4.625158e-01
2.000000e+00 4.477743e-01
1.000000e+00 0.000000e+00
1.050000e+00 6.585533e-05
1.100000e+00 4.293511e-03
1.150000e+00 2.045091e-02
1.200000e+00 3.636689e-02
1.250000e+00 5.541225e-02
1.300000e+00 1.016688e-01
1.350000e+00 1.339726e-01
1.400000e+00 1.522495e-01
1.450000e+00 1.928818e-01
1.500000e+00 2.136367e-01
1.550000e+00 2.227015e-01
1.600000e+00 2.657865e-01
1.650000e+00 2.881129e-01
1.700000e+00 3.241105e-01
1.750000e+00 3.352721e-01
1.800000e+00 3.789458e-01
1.850000e+00 4.118064e-01
1.900000e+00 4.143392e-01
1.950000e+00 4.483368e-01
2.000000e+00 4.710659e-01
1.000000e+00 0.000000e+00
1.050000e+00 4.619959e-04
1.100000e+00 7.128783e-03
1.150000e+00 2.530126e-02
1.200000e+00 3.727765e-02
1.250000e+00 6.570656e-02
1.300000e+00 9.461852e-02
1.350000e+00 1.271689e-01
1.400000e+00 1.356884e-01
1.450000e+00 2.047004e-01
1.500000e+00 2.284140e-01
1.550000e+00 2.334241e-01
1.600000e+00 2.642764e-01
1.650000e+00 2.947073e-01
1.700000e+00 3.289144e-01
1.750000e+00 3.098805e-01
1.800000e+00 3.607832e-01
1.850000e+00 3.925918e-01
1.900000e+00 4.207309e-01
1.950000e+00 4.438731e-01
2.000000e+00 4.438807e-01
1.000000e+00 0.000000e+00
1.050000e+00 2.925051e-05
1.100000e+00 4.632039e-03
1.150000e+00 2.209828e-02
1.200000e+00 4.184202e-02
1.250000e+00 7.017756e-02
1.300000e+00 9.173231e-02
1.350000e+00 1.199246e-01
1.400000e+00 1.727199e-01
1.450000e+00 1.830458e-01
1.500000e+00 1.874217e-01
1.550000e+00 2.311484e-01
1.600000e+00 2.614733e-01
1.650000e+00 2.804306e-01
1.700000e+00 2.913521e-01
1.750000e+00 3.378477e-01
1.800000e+00 3.638268e-01
1.850000e+00 3.786762e-01
1.900000e+00 4.337892e-01
1.950000e+00 4.529028e-01
2.000000e+00 4.665043e-01
1.000000e+00 0.000000e+00
1.050000e+00 1.129110e-04
1.100000e+00 5.960713e-03
1.150000e+00 2.059219e-02
1.200000e+00 5.021540e-02
1.250000e+00 6.033615e-02
1.300000e+00 9.607546e-02
1.350000e+00 1.307824e-01
1.400000e+00 1.276290e-01
1.450000e+00 1.698723e-01
1.500000e+00 1.917708e-01
1.550000e+00 2.216737e-01
1.600000e+00 2.711313e-01
1.650000e+00 2.886018e-01
1.700000e+00 3.241854e-01
1.750000e+00 3.592808e-01
1.800000e+00 3.875285e-01
1.850000e+00 4.054322e-01
1.900000e+00 4.030420e-01
1.950000e+00 4.337629e-01
2.000000e+00 4.528486e-01
1.000000e+00 0.000000e+00
1.050000e+00 3.133343e-04
1.100000e+00 2.611782e-03
1.150000e+00 1.665016e-02
1.200000e+00 5.054393e-02
1.250000e+00 7.154012e-02
1.300000e+00 7.286628e-02
1.350000e+00 1.198278e-01
1.400000e+00 1.431082e-01
1.450000e+00 1.733670e-01
1.500000e+00 2.033747e-01
1.550000e+00 2.488243e-01
1.600000e+00 2.592362e-01
1.650000e+00 2.907572e-01
1.700000e+00 3.114689e-01
1.750000e+00 3.200289e-01
1.800000e+00 3.569379e-01
1.850000e+00 4.006140e-01
1.900000e+00 4.106067e-01
1.950000e+00 4.250024e-01
2.000000e+00 4.618899e-01
1.000000e+00 0.000000e+00
1.050000e+00 1.033109e-04
1.100000e+00 5.322694e-03
1.150000e+00 1.759714e-02
1.200000e+00 4.412905e-02
1.250000e+00 6.251355e-02
1.300000e+00 8.993275e-02
1.350000e+00 1.260331e-01
1.400000e+00 1.442100e-01
1.450000e+00 1.828481e-01
1.500000e+00 1.878560e-01
1.550000e+00 2.480729e-01
1.600000e+00 2.650404e-01
1.650000e+00 2.892802e-01
1.700000e+00 3.405823e-01
1.750000e+00 3.474764e-01
1.800000e+00 3.834685e-01
1.850000e+00 3.581992e-01
1.900000e+00 4.091252e-01
1.950000e+00 4.542457e-01
2.000000e+00 4.596879e-01
1.000000e+00 0.000000e+00
1.050000e+00 1.629385e-04
1.100000e+00 7.117063e-03
1.150000e+00 1.912555e-02
1.200000e+00 5.051817e-02
1.250000e+00 6.111199e-02
1.300000e+00 9.270801e-02
1.350000e+00 1.124166e-01
1.400000e+00 1.520832e-01
1.450000e+00 1.631837e-01
1.500000e+00 2.026459e-01
1.550000e+00 2.184454e-01
1.600000e+00 2.680231e-01
1.650000e+00 2.655174e-01
1.700000e+00 3.513374e-01
1.750000e+00 3.457894e-01
1.800000e+00 3.861390e-01
1.850000e+00 3.872561e-01
1.900000e+00 4.231504e-01
1.950000e+00 4.280014e-01
2.000000e+00 4.617880e-01
1.000000e+00 0.000000e+00
1.050000e+00 1.962143e-04
1.100000e+00 7.438050e-03
1.150000e+00 2.133035e-02
1.200000e+00 4.350835e-02
1.250000e+00 6.606744e-02
1.300000e+00 9.144713e-02
1.350000e+00 1.199576e-01
1.400000e+00 1.405410e-01
1.450000e+00 1.704398e-01
1.500000e+00 1.900347e-01
1.550000e+00 2.418816e-01
1.600000e+00 2.595748e-01
1.650000e+00 2.741583e-01
1.700000e+00 3.289537e-01
1.750000e+00 3.427578e-01
1.800000e+00 3.541328e-01
1.850000e+00 3.911061e-01
1.900000e+00 4.209829e-01
1.950000e+00 4.332427e-01
2.000000e+00 4.621701e-01
1.000000e+00 0.000000e+00
1.050000e+00 6.128633e-05
1.100000e+00 8.104790e-03
1.150000e+00 1.908694e-02
1.200000e+00 3.693769e-02
1.250000e+00 7.540503e-02
1.300000e+00 1.048327e-01
1.350000e+00 1.015164e-01
1.400000e+00 1.336139e-01
1.450000e+00 2.053841e-01
1.500000e+00 1.967283e-01
1.550000e+00 2.406236e-01
1.600000e+00 2.812413e-01
1.650000e+00 2.703440e-01
1.700000e+00 3.543310e-01
1.750000e+00 3.610360e-01
1.800000e+00 3.980761e-01
1.850000e+00 4.090804e-01
1.900000e+00 4.135809e-01
1.950000e+00 4.369420e-01
2.000000e+00 4.848056e-01
1.000000e+00 0.000000e+00
1.050000e+00 2.171716e-04
1.100000e+00 6.385108e-03
1.150000e+00 2.159071e-02
1.200000e+00 4.652020e-02
1.250000e+00 5.809304e-02
1.300000e+00 8.823838e-02
1.350000e+00 1.424720e-01
1.400000e+00 1.451239e-01
1.450000e+00 1.625908e-01
1.500000e+00 1.982218e-01
1.550000e+00 2.474278e-01
1.600000e+00 2.620850e-01
1.650000e+00 3.081314e-01
1.700000e+00 3.212774e-01
1.750000e+00 3.468348e-01
1.800000e+00 3.645807e-01
1.850000e+00 3.889106e-01
1.900000e+00 4.124311e-01
1.950000e+00 4.778166e-01
2.000000e+00 4.599289e-01
1.000000e+00 0.000000e+00
1.050000e+00 1.387814e-04
1.100000e+00 4.521674e-03
1.150000e+00 1.509618e-02
1.200000e+00 4.541173e-02
1.250000e+00 6.939283e-02
1.300000e+00 8.713270e-02
1.350000e+00 1.200474e-01
1.400000e+00 1.586759e-01
1.450000e+00 1.480975e-01
1.500000e+00 2.086011e-01
1.550000e+00 2.299856e-01
1.600000e+00 2.448168e-01
1.650000e+00 2.948449e-01
1.700000e+00 3.170850e-01
1.750000e+00 3.467164e-01
1.800000e+00 3.473124e-01
1.850000e+00 3.900678e-01
1.900000e+00 4.232518e-01
1.950000e+00 4.375433e-01
2.000000e+00 4.705810e-01
1.000000e+00 0.000000e+00
1.050000e+00 9.934506e-05
1.100000e+00 4.506676e-03
1.150000e+00 2.556945e-02
1.200000e+00 3.720432e-02
1.250000e+00 6.112269e-02
1.300000e+00 1.003522e-01
1.350000e+00 1.250048e-01
1.400000e+00 1.471287e-01
1.450000e+00 1.711973e-01
1.500000e+00 1.976437e-01
1.550000e+00 2.224637e-01
1.600000e+00 2.553510e-01
1.650000e+00 2.626404e-01
1.700000e+00 3.303064e-01
1.750000e+00 3.324862e-01
1.800000e+00 3.684220e-01
1.850000e+00 3.846891e-01
1.900000e+00 3.906597e-01
1.950000e+00 4.683368e-01
2.000000e+00 4.776741e-01
1.000000e+00 0.000000e+00
1.050000e+00 2.183369e-04
1.100000e+00 5.271066e-03
1.150000e+00 1.406041e-02
1.200000e+00 3.605137e-02
1.250000e+00 6.318277e-02
1.300000e+00 8.415680e-02
1.350000e+00 1.270324e-01
1.400000e+00 1.497519e-01
1.450000e+00 1.744111e-01
1.500000e+00 2.068904e-01
1.550000e+00 2.416700e-01
1.600000e+00 2.390105e-01
1.650000e+00 2.820019e-01
1.700000e+00 3.358804e-01
1.750000e+00 3.151707e-01
1.800000e+00 3.671670e-01
1.850000e+00 3.763047e-01
1.900000e+00 4.250063e-01
1.950000e+00 4.602011e-01
2.000000e+00 4.835951e-01
1.000000e+00 0.000000e+00
1.050000e+00 3.497714e-05
1.100000e+00 4.082704e-03
1.150000e+00 1.894060e-02
1.200000e+00 3.988400e-02
1.250000e+00 7.774842e-02
1.300000e+00 1.018278e-01
1.350000e+00 1.225269e-01
1.400000e+00 1.555758e-01
1.450000e+00 1.776241e-01
1.500000e+00 2.086102e-01
1.550000e+00 2.435345e-01
1.600000e+00 2.726542e-01
1.650000e+00 2.793701e-01
1.700000e+00 3.298361e-01
1.750000e+00 3.323512e-01
1.800000e+00 3.589685e-01
1.850000e+00 3.871290e-01
1.900000e+00 4.116412e-01
1.950000e+00 4.394799e-01
2.000000e+00 4.703361e-01
1.000000e+00 0.000000e+00
1.050000e+00 3.499555e-04
1.100000e+00 6.121725e-03
1.150000e+00 2.083287e-02
1.200000e+00 5.427327e-02
1.250000e+00 6.996978e-02
1.300000e+00 8.720542e-02
1.350000e+00 1.136079e-01
1.400000e+00 1.282504e-01
1.450000e+00 1.566689e-01
1.500000e+00 2.213467e-01
1.550000e+00 2.364899e-01
1.600000e+00 2.578353e-01
1.650000e+00 2.794006e-01
1.700000e+00 3.148990e-01
1.750000e+00 3.673488e-01
1.800000e+00 3.636965e-01
1.850000e+00 4.135157e-01
1.900000e+00 4.081590e-01
1.950000e+00 4.461063e-01
2.000000e+00 4.601921e-01
1.000000e+00 0.000000e+00
1.050000e+00 7.745702e-05
1.100000e+00 4.483506e-03
1.150000e+00 1.885960e-02
1.200000e+00 4.319121e-02
1.250000e+00 6.293817e-02
1.300000e+00 1.003055e-01
1.350000e+00 1.213843e-01
1.400000e+00 1.641275e-01
1.450000e+00 1.922515e-01
1.500000e+00 2.029776e-01
1.550000e+00 2.538878e-01
1.600000e+00 2.713709e-01
1.650000e+00 2.876085e-01
1.700000e+00 2.954126e-01
1.750000e+00 3.406060e-01
1.800000e+00 3.763297e-01
1.850000e+00 4.112814e-01
1.900000e+00 4.253706e-01
1.950000e+00 4.397802e-01
2.000000e+00 4.595661e-01
1.000000e+00 0.000000e+00
1.050000e+00 3.802558e-04
1.100000e+00 7.621219e-03
1.150000e+00 2.189781e-02
1.200000e+00 4.359134e-02
1.250000e+00 6.796211e-02
1.300000e+00 9.049879e-02
1.350000e+00 1.401705e-01
1.400000e+00 1.380927e-01
1.450000e+00 1.705825e-01
1.500000e+00 1.934643e-01
1.550000e+00 2.429404e-01
1.600000e+00 2.848861e-01
1.650000e+00 2.783570e-01
1.700000e+00 3.240796e-01
1.750000e+00 3.431728e-01
1.800000e+00 3.548837e-01
1.850000e+00 3.832659e-01
1.900000e+00 4.053754e-01
1.950000e+00 4.498246e-01
2.000000e+00 4.723020e-01
1.000000e+00 0.000000e+00
1.050000e+00 1.021152e-04
1.100000e+00 4.388342e-03
1.150000e+00 1.791370e-02
1.200000e+00 4.252680e-02
1.250000e+00 7.159921e-02
1.300000e+00 1.213670e-01
1.350000e+00 1.255020e-01
1.400000e+00 1.402871e-01
1.450000e+00 1.597102e-01
1.500000e+00 2.305824e-01
1.550000e+00 2.389652e-01
1.600000e+00 2.574071e-01
1.650000e+00 2.956233e-01
1.700000e+00 3.612544e-01
1.750000e+00 3.374018e-01
1.800000e+00 3.974057e-01
1.850000e+00 4.129099e-01
1.900000e+00 4.168777e-01
1.950000e+00 4.553924e-01
2.000000e+00 4.685521e-01
1.000000e+00 0.000000e+00
1.050000e+00 8.949524e-05
1.100000e+00 5.156811e-03
1.150000e+00 2.197880e-02
1.200000e+00 4.531862e-02
1.250000e+00 6.391633e-02
1.300000e+00 1.059418e-01
1.350000e+00 1.192582e-01
1.400000e+00 1.452741e-01
1.450000e+00 1.958901e-01
1.500000e+00 1.968388e-01
1.550000e+00 2.381947e-01
1.600000e+00 2.706446e-01
1.650000e+00 2.732428e-01
1.700000e+00 3.158435e-01
1.750000e+00 3.342137e-01
1.800000e+00 3.671856e-01
1.850000e+00 4.006996e-01
1.900000e+00 4.209784e-01
1.950000e+00 4.490865e-01
2.000000e+00 4.783098e-01
1.000000e+00 0.000000e+00
1.050000e+00 5.195273e-05
1.100000e+00 5.779767e-03
1.150000e+00 2.286046e-02
1.200000e+00 3.874649e-02
1.250000e+00 6.975580e-02
1.300000e+00 7.849939e-02
1.350000e+00 1.364392e-01
1.400000e+00 1.645743e-01
1.450000e+00 1.699687e-01
1.500000e+00 2.255107e-01
1.550000e+00 2.501875e-01
1.600000e+00 2.718195e-01
1.650000e+00 2.774949e-01
1.700000e+00 3.359805e-01
1.750000e+00 3.511565e-01
1.800000e+00 3.617884e-01
1.850000e+00 4.041296e-01
1.900000e+00 3.940353e-01
1.950000e+00 4.756647e-01
2.000000e+00 4.948827e-01
1.000000e+00 0.000000e+00
1.050000e+00 1.227004e-04
1.100000e+00 4.309753e-03
1.150000e+00 1.805163e-02
1.200000e+00 3.482579e-02
1.250000e+00 5.635555e-02
1.300000e+00 1.010163e-01
1.350000e+00 1.259830e-01
1.400000e+00 1.500050e-01
1.450000e+00 1.808328e-01
1.500000e+00 2.181817e-01
1.550000e+00 2.190522e-01
1.600000e+00 2.582689e-01
1.650000e+00 2.923159e-01
1.700000e+00 2.893678e-01
1.750000e+00 3.347816e-01
1.800000e+00 3.778232e-01
1.850000e+00 3.961816e-01
1.900000e+00 4.144951e-01
1.950000e+00 4.574714e-01
2.000000e+00 4.550768e-01
1.000000e+00 0.000000e+00
1.050000e+00 8.496428e-05
1.100000e+00 5.481685e-03
1.150000e+00 2.601836e-02
1.200000e+00 3.997173e-02
1.250000e+00 7.155407e-02
1.300000e+00 8.401079e-02
1.350000e+00 1.250286e-01
1.400000e+00 1.724295e-01
1.450000e+00 1.892637e-01
1.500000e+00 2.161953e-01
1.550000e+00 2.528679e-01
1.600000e+00 2.581193e-01
1.650000e+00 2.746829e-01
1.700000e+00 3.080300e-01
1.750000e+00 3.384639e-01
1.800000e+00 3.798763e-01
1.850000e+00 3.730557e-01
1.900000e+00 4.153462e-01
1.950000e+00 4.376242e-01
2.000000e+00 4.812236e-01
1.000000e+00 0.000000e+00
1.050000e+00 4.403489e-05
1.100000e+00 7.830891e-03
1.150000e+00 2.037817e-02
1.200000e+00 3.894857e-02
1.250000e+00 7.254104e-02
1.300000e+00 8.454656e-02
1.350000e+00 1.298130e-01
1.400000e+00 1.449783e-01
1.450000e+00 1.532780e-01
1.500000e+00 2.061289e-01
1.550000e+00 2.579575e-01
1.600000e+00 2.839358e-01
1.650000e+00 2.969766e-01
1.700000e+00 3.391841e-01
1.750000e+00 3.488452e-01
1.800000e+00 3.566320e-01
1.850000e+00 4.079404e-01
1.900000e+00 4.137920e-01
1.950000e+00 4.279202e-01
2.000000e+00 4.816378e-01
1.000000e+00 0.000000e+00
1.050000e+00 4.989998e-05
1.100000e+00 3.231719e-03
1.150000e+00 2.101017e-02
1.200000e+00 3.430579e-02
1.250000e+00 5.750720e-02
1.300000e+00 1.096442e-01
1.350000e+00 1.141214e-01
1.400000e+00 1.380945e-01
1.450000e+00 1.608072e-01
1.500000e+00 2.033788e-01
1.550000e+00 2.476964e-01
1.600000e+00 2.494058e-01
1.650000e+00 3.039499e-01
1.700000e+00 3.206578e-01
1.750000e+00 3.556225e-01
1.800000e+00 3.386977e-01
1.850000e+00 4.142830e-01
1.900000e+00 4.325898e-01
1.950000e+00 4.413714e-01
2.000000e+00 4.967985e-01
1.000000e+00 0.000000e+00
1.050000e+00 8.435707e-05
1.100000e+00 5.490492e-03
1.150000e+00 1.750418e-02
1.200000e+00 4.444790e-02
1.250000e+00 7.341961e-02
1.300000e+00 8.197258e-02
1.350000e+00 1.071033e-01
1.400000e+00 1.239999e-01
1.450000e+00 1.802844e-01
1.500000e+00 2.022220e-01
1.550000e+00 2.188007e-01
1.600000e+00 2.296334e-01
1.650000e+00 2.876228e-01
1.700000e+00 3.365019e-01
1.750000e+00 3.486046e-01
1.800000e+00 3.687530e-01
1.850000e+00 4.022066e-01
1.900000e+00 4.434629e-01
1.950000e+00 4.527510e-01
2.000000e+00 4.382478e-01
1.000000e+00 0.000000e+00
1.050000e+00 7.993719e-05
1.100000e+00 3.106000e-03
1.150000e+00 1.839913e-02
1.200000e+00 4.569127e-02
1.250000e+00 6.397964e-02
1.300000e+00 1.001029e-01
1.350000e+00 1.080515e-01
1.400000e+00 1.647969e-01
1.450000e+00 1.671239e-01
1.500000e+00 2.290569e-01
1.550000e+00 2.538851e-01
1.600000e+00 2.500645e-01
1.650000e+00 3.198212e-01
1.700000e+00 2.898984e-01
1.750000e+00 3.526916e-01
1.800000e+00 3.807177e-01
1.850000e+00 3.866826e-01
1.900000e+00 4.189143e-01
1.950000e+00 4.687958e-01
2.000000e+00 4.494131e-01
1.000000e+00 0.000000e+00
1.050000e+00 1.565709e-04
1.100000e+00 4.061702e-03
1.150000e+00 2.360251e-02
1.200000e+00 4.223302e-02
1.250000e+00 5.989707e-02
1.300000e+00 9.293700e-02
1.350000e+00 1.239347e-01
1.400000e+00 1.662313e-01
1.450000e+00 1.799165e-01
1.500000e+00 2.077515e-01
1.550000e+00 2.204858e-01
1.600000e+00 2.558589e-01
1.650000e+00 3.069426e-01
1.700000e+00 3.073571e-01
1.750000e+00 3.398498e-01
1.800000e+00 3.502479e-01
1.850000e+00 3.953103e-01
1.900000e+00 4.345914e-01
1.950000e+00 4.414000e-01
2.000000e+00 4.538926e-01
1.000000e+00 0.000000e+00
1.050000e+00 1.490407e-04
1.100000e+00 6.463059e-03
1.150000e+00 2.252476e-02
1.200000e+00 4.000573e-02
1.250000e+00 7.157290e-02
1.300000e+00 9.846708e-02
1.350000e+00 1.130478e-01
1.400000e+00 1.404720e-01
1.450000e+00 1.611847e-01
1.500000e+00 2.075007e-01
1.550000e+00 2.449828e-01
1.600000e+00 2.646799e-01
1.650000e+00 2.723596e-01
1.700000e+00 3.152860e-01
1.750000e+00 3.441349e-01
1.800000e+00 3.420696e-01
1.850000e+00 3.904376e-01
1.900000e+00 4.369546e-01
1.950000e+00 4.723621e-01
2.000000e+00 4.691752e-01
1.000000e+00 0.000000e+00
1.050000e+00 2.819769e-04
1.100000e+00 4.987446e-03
1.150000e+00 2.002734e-02
1.200000e+00 4.285987e-02
1.250000e+00 7.336928e-02
1.300000e+00 1.056820e-01
1.350000e+00 1.141869e-01
1.400000e+00 1.404368e-01
1.450000e+00 1.804144e-01
1.500000e+00 1.789164e-01
1.550000e+00 2.356248e-01
1.600000e+00 2.862017e-01
1.650000e+00 2.980736e-01
1.700000e+00 3.127284e-01
1.750000e+00 3.207078e-01
1.800000e+00 3.851316e-01
1.850000e+00 4.040833e-01
1.900000e+00 4.252204e-01
1.950000e+00 4.306003e-01
2.000000e+00 4.683223e-01
1.000000e+00 0.000000e+00
1.050000e+00 9.684133e-05
1.100000e+00 8.407817e-03
1.150000e+00 3.352356e-02
1.200000e+00 3.555416e-02
1.250000e+00 6.132194e-02
1.300000e+00 9.717998e-02
1.350000e+00 1.125083e-01
1.400000e+00 1.516826e-01
1.450000e+00 1.842194e-01
1.500000e+00 2.152558e-01
1.550000e+00 2.386522e-01
1.600000e+00 2.828736e-01
1.650000e+00 2.901637e-01
1.700000e+00 3.181068e-01
1.750000e+00 3.568364e-01
1.800000e+00 3.526197e-01
1.850000e+00 3.647622e-01
1.900000e+00 3.967284e-01
1.950000e+00 4.428211e-01
2.000000e+00 4.319209e-01
1.000000e+00 0.000000e+00
1.050000e+00 7.472182e-05
1.100000e+00 5.306014e-03
1.150000e+00 1.919114e-02
1.200000e+00 3.708483e-02
1.250000e+00 8.128543e-02
1.300000e+00 9.891126e-02
1.350000e+00 1.200516e-01
1.400000e+00 1.481150e-01
1.450000e+00 1.942153e-01
1.500000e+00 2.195150e-01
1.550000e+00 2.486121e-01
1.600000e+00 2.655187e-01
1.650000e+00 2.865573e-01
1.700000e+00 3.119684e-01
1.750000e+00 3.536243e-01
1.800000e+00 3.857704e-01
1.850000e+00 4.045127e-01
1.900000e+00 4.193145e-01
1.950000e+00 4.219621e-01
2.000000e+00 4.670883e-01
1.000000e+00 0.000000e+00
1.050000e+00 3.518048e-05
1.100000e+00 7.715873e-03
1.150000e+00 1.705925e-02
1.200000e+00 3.970118e-02
1.250000e+00 6.917536e-02
1.300000e+00 9.670396e-02
1.350000e+00 1.153808e-01
1.400000e+00 1.573262e-01
1.450000e+00 1.749042e-01
1.500000e+00 1.954707e-01
1.550000e+00 2.270606e-01
1.600000e+00 2.746271e-01
1.650000e+00 3.033678e-01
1.700000e+00 3.048601e-01
1.750000e+00 3.513543e-01
1.800000e+00 3.670354e-01
1.850000e+00 4.141977e-01
1.900000e+00 4.337399e-01
1.950000e+00 4.417142e-01
2.000000e+00 4.507197e-01
1.000000e+00 0.000000e+00
1.050000e+00 5.904465e-05
1.100000e+00 6.705982e-03
1.150000e+00 1.295343e-02
1.200000e+00 3.736466e-02
1.250000e+00 7.894495e-02
1.300000e+00 8.867369e-02
1.350000e+00 1.095507e-01
1.400000e+00 1.507550e-01
1.450000e+00 1.669333e-01
1.500000e+00 2.141312e-01
1.550000e+00 2.448736e-01
1.600000e+00 2.539709e-01
1.650000e+00 2.709205e-01
1.700000e+00 3.263926e-01
1.750000e+00 3.421269e-01
1.800000e+00 3.898976e-01
1.850000e+00 4.290280e-01
1.900000e+00 4.017017e-01
1.950000e+00 4.296445e-01
2.000000e+00 4.786716e-01
1.000000e+00 0.000000e+00
1.050000e+00 7.417282e-05
1.100000e+00 7.790013e-03
1.150000e+00 2.162452e-02
1.200000e+00 3.166696e-02
1.250000e+00 6.273509e-02
1.300000e+00 1.022606e-01
1.350000e+00 1.118314e-01
1.400000e+00 1.246475e-01
1.450000e+00 1.857795e-01
1.500000e+00 2.158472e-01
1.550000e+00 2.361148e-01
1.600000e+00 2.558160e-01
1.650000e+00 3.026309e-01
1.700000e+00 3.245176e-01
1.750000e+00 3.434083e-01
1.800000e+00 3.589506e-01
1.850000e+00 4.104225e-01
1.900000e+00 4.054437e-01
1.950000e+00 4.418861e-01
2.000000e+00 4.642558e-01
1.000000e+00 0.000000e+00
1.050000e+00 1.470736e-04
1.100000e+00 7.246664e-03
1.150000e+00 1.314524e-02
1.200000e+00 4.394429e-02
1.250000e+00 5.917797e-02
1.300000e+00 9.912324e-02
1.350000e+00 1.143186e-01
1.400000e+00 1.490015e-01
1.450000e+00 1.720657e-01
1.500000e+00 1.946674e-01
1.550000e+00 2.309800e-01
1.600000e+00 2.584152e-01
1.650000e+00 2.908943e-01
1.700000e+00 3.189230e-01
1.750000e+00 3.478574e-01
1.800000e+00 3.916711e-01
1.850000e+00 3.948350e-01
1.900000e+00 4.171865e-01
1.950000e+00 4.596465e-01
2.000000e+00 4.542970e-01
1.000000e+00 0.000000e+00
1.050000e+00 1.037357e-04
1.100000e+00 5.454483e-03
1.150000e+00 1.671919e-02
1.200000e+00 3.605878e-02
1.250000e+00 7.753615e-02
1.300000e+00 8.208768e-02
1.350000e+00 1.210748e-01
1.400000e+00 1.654143e-01
1.450000e+00 1.930063e-01
1.500000e+00 2.007891e-01
1.550000e+00 2.194004e-01
1.600000e+00 2.913861e-01
1.650000e+00 3.091036e-01
1.700000e+00 3.228604e-01
1.750000e+00 3.404581e-01
1.800000e+00 3.738800e-01
1.850000e+00 4.135808e-01
1.900000e+00 4.194346e-01
1.950000e+00 4.230821e-01
2.000000e+00 4.753189e-01
1.000000e+00 0.000000e+00
1.050000e+00 3.791458e-04
1.100000e+00 4.193833e-03
1.150000e+00 1.989617e-02
1.200000e+00 4.054455e-02
1.250000e+00 7.461686e-02
1.300000e+00 9.035140e-02
1.350000e+00 1.104884e-01
1.400000e+00 1.498955e-01
1.450000e+00 1.930962e-01
1.500000e+00 2.075360e-01
1.550000e+00 2.589728e-01
1.600000e+00 2.616496e-01
1.650000e+00 2.895032e-01
1.700000e+00 3.286300e-01
1.750000e+00 3.569343e-01
1.800000e+00 4.207054e-01
1.850000e+00 3.961216e-01
1.900000e+00 4.201900e-01
1.950000e+00 4.458976e-01
2.000000e+00 4.541133e-01
1.000000e+00 0.000000e+00
1.050000e+00 1.191113e-04
1.100000e+00 4.922502e-03
1.150000e+00 1.830769e-02
1.200000e+00 3.815944e-02
1.250000e+00 6.779627e-02
1.300000e+00 9.229783e-02
1.350000e+00 1.120153e-01
1.400000e+00 1.460314e-01
1.450000e+00 1.713149e-01
1.500000e+00 1.936267e-01
1.550000e+00 2.163289e-01
1.600000e+00 2.679491e-01
1.650000e+00 2.933611e-01
1.700000e+00 3.160461e-01
1.750000e+00 3.703093e-01
1.800000e+00 3.560006e-01
1.850000e+00 3.802640e-01
1.900000e+00 4.182528e-01
1.950000e+00 4.643919e-01
2.000000e+00 4.631186e-01
1.000000e+00 0.000000e+00
1.050000e+00 4.256817e-05
1.100000e+00 6.954742e-03
1.150000e+00 1.761228e-02
1.200000e+00 4.434586e-02
1.250000e+00 4.682708e-02
1.300000e+00 9.824960e-02
1.350000e+00 1.268031e-01
1.400000e+00 1.547198e-01
1.450000e+00 1.608197e-01
1.500000e+00 1.975044e-01
1.550000e+00 2.177685e-01
1.600000e+00 2.483884e-01
1.650000e+00 2.653586e-01
1.700000e+00 3.196921e-01
1.750000e+00 3.429605e-01
1.800000e+00 3.670582e-01
1.850000e+00 3.821737e-01
1.900000e+00 4.322382e-01
1.950000e+00 4.399222e-01
2.000000e+00 4.549263e-01
1.000000e+00 0.000000e+00
1.050000e+00 3.654138e-05
1.100000e+00 7.752869e-03
1.150000e+00 2.428642e-02
1.200000e+00 4.440139e-02
1.250000e+00 4.758427e-02
1.300000e+00 9.388466e-02
1.350000e+00 1.217983e-01
1.400000e+00 1.597804e-01
1.450000e+00 1.785541e-01
1.500000e+00 2.031364e-01
1.550000e+00 2.279052e-01
1.600000e+00 2.606117e-01
1.650000e+00 3.101487e-01
1.700000e+00 3.470285e-01
1.750000e+00 3.482842e-01
1.800000e+00 3.791901e-01
1.850000e+00 3.897238e-01
1.900000e+00 4.172255e-01
1.950000e+00 4.315072e-01
2.000000e+00 4.514395e-01
1.000000e+00 0.000000e+00
1.050000e+00 9.683538e-05
1.100000e+00 6.568204e-03
1.150000e+00 2.479191e-02
1.200000e+00 3.726461e-02
1.250000e+00 8.802046e-02
1.300000e+00 8.841376e-02
1.350000e+00 1.267508e-01
1.400000e+00 1.487864e-01
1.450000e+00 1.745505e-01
1.500000e+00 2.171752e-01
1.550000e+00 2.493565e-01
1.600000e+00 2.421011e-01
1.650000e+00 3.233325e-01
1.700000e+00 2.859069e-01
1.750000e+00 3.409467e-01
1.800000e+00 3.605294e-01
1.850000e+00 3.768225e-01
1.900000e+00 4.105661e-01
1.950000e+00 4.556937e-01
2.000000e+00 4.405573e-01
1.000000e+00 0.000000e+00
1.050000e+00 8.912570e-05
1.100000e+00 8.498480e-03
1.150000e+00 1.722926e-02
1.200000e+00 5.160809e-02
1.250000e+00 6.510383e-02
1.300000e+00 8.691707e-02
1.350000e+00 1.098694e-01
1.400000e+00 1.523754e-01
1.450000e+00 1.854211e-01
1.500000e+00 1.935042e-01
1.550000e+00 2.377249e-01
1.600000e+00 2.555075e-01
1.650000e+00 2.832822e-01
1.700000e+00 3.343885e-01
1.750000e+00 3.309563e-01
1.800000e+00 3.881449e-01
1.850000e+00 3.609213e-01
1.900000e+00 4.120260e-01
1.950000e+00 4.471352e-01
2.000000e+00 4.567730e-01
1.000000e+00 0.000000e+00
1.050000e+00 7.995678e-05
1.100000e+00 4.890649e-03
1.150000e+00 3.027340e-02
1.200000e+00 4.294075e-02
1.250000e+00 7.359904e-02
1.300000e+00 1.025705e-01
1.350000e+00 1.346553e-01
1.400000e+00 1.567895e-01
1.450000e+00 1.619057e-01
1.500000e+00 2.036730e-01
1.550000e+00 2.265042e-01
1.600000e+00 2.779935e-01
1.650000e+00 2.823900e-01
1.700000e+00 3.170382e-01
1.750000e+00 3.614274e-01
1.800000e+00 3.566223e-01
1.850000e+00 4.167607e-01
1.900000e+00 4.124011e-01
1.950000e+00 4.411240e-01
2.000000e+00 4.845593e-01
1.000000e+00 0.000000e+00
1.050000e+00 3.057771e-04
1.100000e+00 4.713860e-03
1.150000e+00 2.298395e-02
1.200000e+00 2.748842e-02
1.250000e+00 5.938549e-02
1.300000e+00 8.548089e-02
1.350000e+00 1.159552e-01
1.400000e+00 1.415121e-01
1.450000e+00 1.800596e-01
1.500000e+00 2.056863e-01
1.550000e+00 2.206875e-01
1.600000e+00 2.772573e-01
1.650000e+00 3.025976e-01
1.700000e+00 3.185975e-01
1.750000e+00 3.576770e-01
1.800000e+00 3.670659e-01
1.850000e+00 4.213778e-01
1.900000e+00 4.443173e-01
1.950000e+00 4.471013e-01
2.000000e+00 4.685352e-01
1.000000e+00 0.000000e+00
1.050000e+00 1.126094e-04
1.100000e+00 6.302710e-03
1.150000e+00 2.395182e-02
1.200000e+00 3.805572e-02
1.250000e+00 6.561450e-02
1.300000e+00 7.648978e-02
1.350000e+00 1.208389e-01
1.400000e+00 1.567865e-01
1.450000e+00 1.901908e-01
1.500000e+00 2.158857e-01
1.550000e+00 2.264820e-01
1.600000e+00 2.489377e-01
1.650000e+00 2.739862e-01
1.700000e+00 3.141392e-01
1.750000e+00 3.541644e-01
1.800000e+00 3.618266e-01
1.850000e+00 4.087868e-01
1.900000e+00 4.452660e-01
1.950000e+00 4.430349e-01
2.000000e+00 4.662954e-01
1.000000e+00 0.000000e+00
1.050000e+00 4.270890e-04
1.100000e+00 6.539831e-03
1.150000e+00 1.558358e-02
1.200000e+00 3.814774e-02
1.250000e+00 7.811700e-02
1.300000e+00 1.019198e-01
1.350000e+00 1.359543e-01
1.400000e+00 1.442455e-01
1.450000e+00 1.833983e-01
1.500000e+00 1.978716e-01
1.550000e+00 2.418168e-01
1.600000e+00 2.722365e-01
1.650000e+00 2.964628e-01
1.700000e+00 3.161922e-01
1.750000e+00 3.450162e-01
1.800000e+00 3.865549e-01
1.850000e+00 4.133210e-01
1.900000e+00 4.168309e-01
1.950000e+00 4.618387e-01
2.000000e+00 4.671369e-01
1.000000e+00 0.000000e+00
1.050000e+00 1.109369e-04
1.100000e+00 5.638577e-03
1.150000e+00 2.028097e-02
1.200000e+00 3.983618e-02
1.250000e+00 6.691911e-02
1.300000e+00 8.685542e-02
1.350000e+00 1.055635e-01
1.400000e+00 1.456339e-01
1.450000e+00 1.954309e-01
1.500000e+00 2.131459e-01
1.550000e+00 2.170327e-01
1.600000e+00 2.392642e-01
1.650000e+00 2.793042e-01
1.700000e+00 2.975656e-01
1.750000e+00 3.437145e-01
1.800000e+00 3.398669e-01
1.850000e+00 3.631788e-01
1.900000e+00 3.984535e-01
1.950000e+00 4.316920e-01
2.000000e+00 4.857925e-01
1.000000e+00 0.000000e+00
1.050000e+00 8.427649e-05
1.100000e+00 6.930355e-03
1.150000e+00 1.938345e-02
1.200000e+00 3.157998e-02
1.250000e+00 5.753391e-02
1.300000e+00 8.143742e-02
1.350000e+00 1.147046e-01
1.400000e+00 1.534167e-01
1.450000e+00 1.491700e-01
1.500000e+00 2.074243e-01
1.550000e+00 2.426602e-01
1.600000e+00 2.448086e-01
1.650000e+00 2.794573e-01
1.700000e+00 3.169716e-01
1.750000e+00 3.239236e-01
1.800000e+00 3.564808e-01
1.850000e+00 3.808892e-01
1.900000e+00 4.235148e-01
1.950000e+00 4.336856e-01
2.000000e+00 4.676874e-01
1.000000e+00 0.000000e+00
1.050000e+00 9.823652e-05
1.100000e+00 3.626414e-03
1.150000e+00 2.460542e-02
1.200000e+00 4.369445e-02
1.250000e+00 5.928899e-02
1.300000e+00 9.530567e-02
1.350000e+00 1.273325e-01
1.400000e+00 1.364125e-01
1.450000e+00 1.679754e-01
1.500000e+00 2.044429e-01
1.550000e+00 2.263268e-01
1.600000e+00 2.564390e-01
1.650000e+00 2.864090e-01
1.700000e+00 3.127132e-01
1.750000e+00 3.353572e-01
1.800000e+00 3.363218e-01
1.850000e+00 4.000370e-01
1.900000e+00 4.149489e-01
1.950000e+00 4.275489e-01
2.000000e+00 4.696634e-01
1.000000e+00 0.000000e+00
1.050000e+00 8.692319e-05
1.100000e+00 5.727414e-03
1.150000e+00 1.990117e-02
1.200000e+00 4.437200e-02
1.250000e+00 5.939801e-02
1.300000e+00 8.455731e-02
1.350000e+00 1.228040e-01
1.400000e+00 1.519472e-01
1.450000e+00 1.769606e-01
1.500000e+00 2.151550e-01
1.550000e+00 2.457253e-01
1.600000e+00 2.980603e-01
1.650000e+00 2.925956e-01
1.700000e+00 3.299267e-01
1.750000e+00 3.489962e-01
1.800000e+00 3.404829e-01
1.850000e+00 4.107936e-01
1.900000e+00 3.994635e-01
1.950000e+00 4.568826e-01
2.000000e+00 4.430606e-01
1.000000e+00 0.000000e+00
1.050000e+00 1.268724e-04
1.100000e+00 8.493500e-03
1.150000e+00 1.736495e-02
1.200000e+00 4.043851e-02
1.250000e+00 6.198564e-02
1.300000e+00 9.334302e-02
1.350000e+00 1.117337e-01
1.400000e+00 1.400780e-01
1.450000e+00 1.851178e-01
1.500000e+00 2.122548e-01
1.550000e+00 2.278580e-01
1.600000e+00 2.704816e-01
1.650000e+00 2.934292e-01
1.700000e+00 3.222994e-01
1.750000e+00 3.356594e-01
1.800000e+00 3.780278e-01
1.850000e+00 3.786893e-01
1.900000e+00 4.206844e-01
1.950000e+00 4.553915e-01
2.000000e+00 4.923175e-01
1.000000e+00 0.000000e+00
1.050000e+00 1.627686e-04
1.100000e+00 2.589781e-03
1.150000e+00 1.765676e-02
1.200000e+00 4.300072e-02
1.250000e+00 6.897032e-02
1.300000e+00 7.603971e-02
1.350000e+00 1.207983e-01
1.400000e+00 1.417902e-01
1.450000e+00 1.584730e-01
1.500000e+00 2.138791e-01
1.550000e+00 2.427751e-01
1.600000e+00 2.783342e-01
1.650000e+00 2.798871e-01
1.700000e+00 3.067653e-01
1.750000e+00 3.290337e-01
1.800000e+00 4.016415e-01
1.850000e+00 3.864645e-01
1.900000e+00 4.094511e-01
1.950000e+00 4.302623e-01
2.000000e+00 4.631139e-01
1.000000e+00 0.000000e+00
1.050000e+00 9.179340e-05
1.100000e+00 6.785762e-03
1.150000e+00 1.273556e-02
1.200000e+00 3.383241e-02
1.250000e+00 6.227912e-02
1.300000e+00 8.114222e-02
1.350000e+00 9.356669e-02
1.400000e+00 1.336715e-01
1.450000e+00 1.918987e-01
1.500000e+00 2.242358e-01
1.550000e+00 2.346501e-01
1.600000e+00 2.599309e-01
1.650000e+00 2.917386e-01
1.700000e+00 2.999654e-01
1.750000e+00 3.349596e-01
1.800000e+00 3.936738e-01
1.850000e+00 4.153897e-01
1.900000e+00 4.202650e-01
1.950000e+00 4.333695e-01
2.000000e+00 4.600882e-01
1.000000e+00 0.000000e+00
1.050000e+00 2.737550e-04
1.100000e+00 5.345771e-03
1.150000e+00 2.349421e-02
1.200000e+00 2.860119e-02
1.250000e+00 6.073979e-02
1.300000e+00 9.356456e-02
1.350000e+00 1.209647e-01
1.400000e+00 1.594180e-01
1.450000e+00 1.840203e-01
1.500000e+00 2.042951e-01
1.550000e+00 2.374189e-01
1.600000e+00 2.445597e-01
1.650000e+00 2.883950e-01
1.700000e+00 3.500946e-01
1.750000e+00 3.552279e-01
1.800000e+00 3.618973e-01
1.850000e+00 3.798251e-01
1.900000e+00 4.266630e-01
1.950000e+00 4.449514e-01
2.000000e+00 4.671939e-01
1.000000e+00 0.000000e+00
1.050000e+00 8.531269e-05
1.100000e+00 5.080949e-03
1.150000e+00 2.169221e-02
1.200000e+00 3.734233e-02
1.250000e+00 6.170480e-02
1.300000e+00 8.042771e-02
1.350000e+00 1.069557e-01
1.400000e+00 1.598625e-01
1.450000e+00 1.650415e-01
1.500000e+00 1.958783e-01
1.550000e+00 2.468340e-01
1.600000e+00 2.627443e-01
1.650000e+00 3.289474e-01
1.700000e+00 3.216261e-01
1.750000e+00 3.724994e-01
1.800000e+00 3.764225e-01
1.850000e+00 4.083943e-01
1.900000e+00 4.282297e-01
1.950000e+00 4.173588e-01
2.000000e+00 4.739128e-01
1.000000e+00 0.000000e+00
1.050000e+00 5.199011e-05
1.100000e+00 4.674130e-03
1.150000e+00 2.036155e-02
1.200000e+00 4.542352e-02
1.250000e+00 6.317636e-02
1.300000e+00 8.576643e-02
1.350000e+00 1.309047e-01
1.400000e+00 1.577092e-01
1.450000e+00 1.738564e-01
1.500000e+00 2.169265e-01
1.550000e+00 2.376162e-01
1.600000e+00 2.823887e-01
1.650000e+00 2.651556e-01
1.700000e+00 3.257656e-01
1.750000e+00 3.447784e-01
1.800000e+00 3.638104e-01
1.850000e+00 3.943765e-01
1.900000e+00 4.070705e-01
1.950000e+00 4.221127e-01
2.000000e+00 4.583802e-01
