# k_step gamma S_color
1000 2.921873e-04 1.922119e-01
100 3.696688e-03 1.324547e-01
65 5.955205e-03 1.123418e-01
50 7.967823e-03 9.261078e-02
40 1.021266e-02 7.576183e-02
30 1.407895e-02 2.956514e-02
26 1.652586e-02 -1.115594e-13
23 1.896440e-02 1.290342e-15
20 2.219599e-02 -1.369697e-15
18 2.500024e-02 -4.076305e-16
17 2.667084e-02 -4.315232e-16
16 2.856826e-02 4.423337e-16
15 3.074108e-02 -4.734909e-16
1000 2.921873e-04 1.840978e-01
100 3.696688e-03 1.247587e-01
65 5.955205e-03 1.153125e-01
50 7.967823e-03 9.173500e-02
40 1.021266e-02 7.405958e-02
30 1.407895e-02 3.065355e-02
26 1.652586e-02 -1.140347e-13
23 1.896440e-02 1.289200e-15
20 2.219599e-02 -1.331586e-15
18 2.500024e-02 -4.186838e-16
17 2.667084e-02 -4.119575e-16
16 2.856826e-02 4.637123e-16
15 3.074108e-02 -4.635385e-16
1000 2.921873e-04 1.895224e-01
100 3.696688e-03 1.257744e-01
65 5.955205e-03 1.115303e-01
50 7.967823e-03 9.369567e-02
40 1.021266e-02 7.344586e-02
30 1.407895e-02 3.104493e-02
26 1.652586e-02 -1.190940e-13
23 1.896440e-02 1.289802e-15
20 2.219599e-02 -1.349710e-15
18 2.500024e-02 -4.379144e-16
17 2.667084e-02 -4.108808e-16
16 2.856826e-02 4.560850e-16
15 3.074108e-02 -4.524966e-16
1000 2.921873e-04 1.786709e-01
100 3.696688e-03 1.263989e-01
65 5.955205e-03 1.040689e-01
50 7.967823e-03 9.156728e-02
40 1.021266e-02 7.634571e-02
30 1.407895e-02 3.060553e-02
26 1.652586e-02 -1.153721e-13
23 1.896440e-02 1.350787e-15
20 2.219599e-02 -1.311017e-15
18 2.500024e-02 -4.009004e-16
17 2.667084e-02 -3.914194e-16
16 2.856826e-02 4.418432e-16
15 3.074108e-02 -4.755016e-16
1000 2.921873e-04 1.684190e-01
100 3.696688e-03 1.287400e-01
65 5.955205e-03 1.137767e-01
50 7.967823e-03 9.244842e-02
40 1.021266e-02 7.462077e-02
30 1.407895e-02 3.092084e-02
26 1.652586e-02 -1.167393e-13
23 1.896440e-02 1.346563e-15
20 2.219599e-02 -1.388286e-15
18 2.500024e-02 -4.062054e-16
17 2.667084e-02 -4.222961e-16
16 2.856826e-02 4.623066e-16
15 3.074108e-02 -4.857744e-16
1000 2.921873e-04 1.703931e-01
100 3.696688e-03 1.343438e-01
65 5.955205e-03 1.113187e-01
50 7.967823e-03 8.967203e-02
40 1.021266e-02 7.439112e-02
30 1.407895e-02 2.970518e-02
26 1.652586e-02 -1.177012e-13
23 1.896440e-02 1.310681e-15
20 2.219599e-02 -1.321573e-15
18 2.500024e-02 -4.254285e-16
17 2.667084e-02 -4.176961e-16
16 2.856826e-02 4.242751e-16
15 3.074108e-02 -4.633840e-16
1000 2.921873e-04 1.830460e-01
100 3.696688e-03 1.260279e-01
65 5.955205e-03 1.161083e-01
50 7.967823e-03 9.413019e-02
40 1.021266e-02 7.557368e-02
30 1.407895e-02 3.015541e-02
26 1.652586e-02 -1.155575e-13
23 1.896440e-02 1.277703e-15
20 2.219599e-02 -1.398370e-15
18 2.500024e-02 -4.189236e-16
17 2.667084e-02 -4.307510e-16
16 2.856826e-02 4.509656e-16
15 3.074108e-02 -4.403081e-16
1000 2.921873e-04 1.871647e-01
100 3.696688e-03 1.242258e-01
65 5.955205e-03 1.174987e-01
50 7.967823e-03 9.185123e-02
40 1.021266e-02 7.691123e-02
30 1.407895e-02 2.972773e-02
26 1.652586e-02 -1.175238e-13
23 1.896440e-02 1.337438e-15
20 2.219599e-02 -1.361036e-15
18 2.500024e-02 -4.239900e-16
17 2.667084e-02 -4.039103e-16
16 2.856826e-02 4.288152e-16
15 3.074108e-02 -4.604017e-16
1000 2.921873e-04 1.807823e-01
100 3.696688e-03 1.308796e-01
65 5.955205e-03 1.006140e-01
50 7.967823e-03 8.927576e-02
40 1.021266e-02 7.518078e-02
30 1.407895e-02 2.921795e-02
26 1.652586e-02 -1.173809e-13
23 1.896440e-02 1.361563e-15
20 2.219599e-02 -1.398041e-15
18 2.500024e-02 -4.234413e-16
17 2.667084e-02 -4.341083e-16
16 2.856826e-02 4.361946e-16
15 3.074108e-02 -4.704665e-16
1000 2.921873e-04 1.895290e-01
100 3.696688e-03 1.253357e-01
65 5.955205e-03 1.072336e-01
50 7.967823e-03 8.984742e-02
40 1.021266e-02 7.431340e-02
30 1.407895e-02 3.146221e-02
26 1.652586e-02 -1.180926e-13
23 1.896440e-02 1.346771e-15
20 2.219599e-02 -1.471371e-15
18 2.500024e-02 -4.215103e-16
17 2.667084e-02 -4.136022e-16
16 2.856826e-02 4.681998e-16
15 3.074108e-02 -4.666366e-16
1000 2.921873e-04 1.841151e-01
100 3.696688e-03 1.400488e-01
65 5.955205e-03 1.042382e-01
50 7.967823e-03 9.863647e-02
40 1.021266e-02 7.274074e-02
30 1.407895e-02 3.038862e-02
26 1.652586e-02 -1.214175e-13
23 1.896440e-02 1.339661e-15
20 2.219599e-02 -1.423027e-15
18 2.500024e-02 -4.397020e-16
17 2.667084e-02 -4.025903e-16
16 2.856826e-02 4.624078e-16
15 3.074108e-02 -4.734420e-16
1000 2.921873e-04 1.789054e-01
100 3.696688e-03 1.291517e-01
65 5.955205e-03 1.142515e-01
50 7.967823e-03 9.073475e-02
40 1.021266e-02 7.735686e-02
30 1.407895e-02 3.054042e-02
26 1.652586e-02 -1.164278e-13
23 1.896440e-02 1.334787e-15
20 2.219599e-02 -1.368307e-15
18 2.500024e-02 -4.139050e-16
17 2.667084e-02 -3.972474e-16
16 2.856826e-02 4.420549e-16
15 3.074108e-02 -4.667841e-16
1000 2.921873e-04 1.761672e-01
100 3.696688e-03 1.290387e-01
65 5.955205e-03 1.151379e-01
50 7.967823e-03 9.774672e-02
40 1.021266e-02 7.139204e-02
30 1.407895e-02 3.023694e-02
26 1.652586e-02 -1.174741e-13
23 1.896440e-02 1.268899e-15
20 2.219599e-02 -1.390463e-15
18 2.500024e-02 -4.109745e-16
17 2.667084e-02 -4.234375e-16
16 2.856826e-02 4.510164e-16
15 3.074108e-02 -4.820695e-16
1000 2.921873e-04 1.753658e-01
100 3.696688e-03 1.330368e-01
65 5.955205e-03 1.115448e-01
50 7.967823e-03 9.394505e-02
40 1.021266e-02 7.505402e-02
30 1.407895e-02 3.003311e-02
26 1.652586e-02 -1.209476e-13
23 1.896440e-02 1.308863e-15
20 2.219599e-02 -1.346780e-15
18 2.500024e-02 -4.191680e-16
17 2.667084e-02 -4.220506e-16
16 2.856826e-02 4.391188e-16
15 3.074108e-02 -4.644198e-16
1000 2.921873e-04 1.873116e-01
100 3.696688e-03 1.209905e-01
65 5.955205e-03 1.108026e-01
50 7.967823e-03 9.671599e-02
40 1.021266e-02 7.540835e-02
30 1.407895e-02 3.166186e-02
26 1.652586e-02 -1.159218e-13
23 1.896440e-02 1.359451e-15
20 2.219599e-02 -1.355957e-15
18 2.500024e-02 -4.257599e-16
17 2.667084e-02 -4.105890e-16
16 2.856826e-02 4.691450e-16
15 3.074108e-02 -4.608439e-16
1000 2.921873e-04 1.752343e-01
100 3.696688e-03 1.319612e-01
65 5.955205e-03 1.072798e-01
50 7.967823e-03 9.197693e-02
40 1.021266e-02 7.713486e-02
30 1.407895e-02 3.066388e-02
26 1.652586e-02 -1.176744e-13
23 1.896440e-02 1.318163e-15
20 2.219599e-02 -1.474908e-15
18 2.500024e-02 -4.079977e-16
17 2.667084e-02 -4.109008e-16
16 2.856826e-02 4.639236e-16
15 3.074108e-02 -4.556741e-16
1000 2.921873e-04 1.890673e-01
100 3.696688e-03 1.283731e-01
65 5.955205e-03 1.165593e-01
50 7.967823e-03 9.294996e-02
40 1.021266e-02 7.532270e-02
30 1.407895e-02 3.085414e-02
26 1.652586e-02 -1.161445e-13
23 1.896440e-02 1.376310e-15
20 2.219599e-02 -1.467002e-15
18 2.500024e-02 -4.155787e-16
17 2.667084e-02 -4.063624e-16
16 2.856826e-02 4.557721e-16
15 3.074108e-02 -4.639357e-16
1000 2.921873e-04 1.822483e-01
100 3.696688e-03 1.253519e-01
